[[11, 15], [39, 14], [1, 10], [57, 8], [1, 7], [66, 8], [25, 10], [56, 13], [37, 12], [72, 3]]
7
[5, 16, 47, 33, 3, 13, 90, 51, 9, 72]
160.99999999999983
[[63, 5], [20, 2], [46, 6], [11, 14], [57, 2], [28, 13], [70, 8], [40, 2], [31, 14], [25, 11]]
6
[45, 65, 53, 26, 71, 15, 46, 35, 35, 3]
58.99999999999915
[[36, 6], [14, 14], [73, 5], [69, 9], [0, 15], [56, 5], [23, 14], [23, 6], [24, 13], [65, 13]]
7
[8, 63, 16, 48, 73, 25, 79, 8, 57, 5]
159.0
[[50, 2], [16, 5], [25, 4], [2, 2], [63, 10], [54, 5], [64, 14], [21, 4], [6, 2], [55, 11]]
4
[30, 14, 14, 18, 39, 4, 3, 39, 37, 23]
0.0
[[20, 9], [71, 12], [6, 3], [25, 9], [15, 8], [60, 14], [28, 4], [20, 12], [64, 1], [6, 13]]
6
[49, 50, 48, 2, 47, 71, 11, 68, 4, 37]
103.99999999999997
[[56, 15], [56, 1], [39, 13], [32, 3], [17, 14], [34, 2], [14, 15], [39, 4], [54, 9], [66, 10]]
6
[67, 3, 7, 41, 17, 69, 48, 50, 27, 51]
63.999992656693216
[[2, 11], [65, 5], [73, 4], [56, 5], [71, 14], [37, 15], [63, 10], [34, 8], [53, 10], [40, 12]]
7
[15, 46, 86, 38, 46, 89, 23, 43, 39, 77]
62.000000000000036
[[10, 7], [3, 14], [0, 7], [47, 15], [73, 12], [36, 13], [26, 1], [75, 12], [37, 4], [1, 10]]
7
[7, 88, 3, 43, 47, 85, 71, 87, 42, 6]
138.0
[[18, 9], [24, 15], [2, 3], [24, 12], [64, 11], [4, 9], [46, 1], [13, 8], [2, 11], [6, 8]]
6
[10, 30, 3, 6, 23, 59, 31, 19, 11, 18]
201.0
[[58, 4], [71, 15], [68, 8], [45, 6], [21, 4], [7, 14], [29, 8], [45, 15], [0, 12], [21, 10]]
7
[55, 84, 86, 6, 44, 68, 52, 61, 53, 52]
126.0
[[29, 12], [66, 12], [52, 12], [25, 5], [8, 11], [74, 6], [54, 14], [13, 10], [50, 4], [33, 6], [8, 5], [17, 4], [4, 3], [73, 12], [6, 7], [39, 15], [48, 7], [50, 3], [60, 9], [6, 3]]
11
[32, 144, 72, 131, 74, 92, 38, 44, 123, 12, 102, 20, 142, 60, 104, 71, 53, 12, 144, 116]
564.999998143051
[[55, 14], [7, 1], [36, 14], [65, 15], [29, 2], [11, 13], [56, 5], [17, 10], [33, 12], [44, 6], [9, 1], [14, 1], [13, 2], [3, 14], [47, 12], [48, 7], [23, 5], [12, 7], [34, 2], [1, 2]]
10
[120, 81, 1, 21, 97, 109, 14, 11, 14, 24, 71, 70, 66, 48, 131, 121, 47, 86, 122, 11]
472.99991955237
[[51, 14], [73, 2], [15, 7], [5, 1], [41, 8], [52, 3], [2, 11], [56, 15], [40, 14], [27, 14], [33, 9], [25, 12], [71, 3], [47, 13], [21, 1], [42, 8], [48, 6], [30, 14], [37, 7], [6, 5]]
12
[144, 22, 79, 17, 121, 162, 64, 118, 94, 158, 4, 136, 77, 155, 104, 62, 70, 131, 77, 47]
651.9997658059485
[[38, 2], [51, 11], [5, 6], [18, 15], [53, 5], [16, 8], [28, 8], [43, 9], [49, 14], [48, 14], [52, 12], [39, 3], [50, 12], [32, 5], [20, 1], [38, 2], [35, 1], [15, 9], [20, 15], [71, 4]]
11
[35, 91, 19, 76, 138, 84, 38, 98, 98, 40, 96, 111, 115, 101, 67, 112, 109, 136, 58, 58]
526.9999596029579
[[4, 7], [47, 6], [35, 1], [14, 9], [26, 14], [14, 14], [32, 4], [66, 11], [29, 14], [60, 9], [56, 8], [6, 15], [46, 5], [19, 5], [61, 6], [31, 7], [60, 14], [50, 9], [15, 10], [38, 11]]
12
[14, 36, 115, 98, 43, 103, 53, 36, 161, 3, 68, 40, 71, 107, 42, 2, 158, 34, 49, 14]
813.9991384972478
[[56, 1], [43, 15], [11, 2], [12, 5], [18, 1], [2, 4], [6, 8], [4, 14], [1, 5], [46, 5], [12, 12], [10, 3], [47, 8], [36, 4], [48, 5], [4, 12], [19, 11], [17, 6], [16, 2], [17, 15]]
10
[68, 56, 102, 80, 20, 106, 8, 14, 17, 121, 134, 79, 38, 116, 128, 21, 7, 109, 76, 35]
570.9999948989155
[[11, 13], [60, 12], [25, 2], [43, 5], [73, 2], [73, 12], [60, 13], [36, 6], [51, 5], [35, 3], [69, 4], [67, 15], [70, 13], [62, 6], [46, 15], [47, 11], [55, 8], [0, 5], [72, 7], [3, 13]]
12
[51, 146, 79, 111, 24, 70, 143, 35, 156, 1, 108, 29, 146, 136, 6, 124, 13, 162, 58, 128]
528.0
[[66, 6], [63, 7], [71, 12], [49, 9], [55, 8], [66, 9], [56, 2], [21, 5], [19, 6], [61, 7], [63, 7], [36, 6], [63, 15], [34, 8], [63, 13], [52, 1], [68, 11], [18, 8], [65, 6], [10, 6]]
11
[121, 98, 70, 126, 111, 137, 75, 97, 62, 93, 100, 72, 62, 128, 93, 113, 136, 65, 98, 12]
357.9999917142992
[[20, 10], [23, 11], [33, 6], [10, 10], [32, 2], [68, 1], [10, 7], [21, 13], [25, 15], [24, 13], [5, 3], [40, 8], [64, 5], [68, 11], [13, 7], [62, 2], [18, 10], [70, 1], [14, 14], [56, 14]]
11
[79, 117, 82, 111, 20, 146, 123, 97, 131, 72, 148, 0, 5, 135, 16, 38, 56, 113, 120, 18]
713.9999636859113
[[40, 5], [46, 3], [38, 12], [33, 5], [28, 3], [37, 4], [34, 5], [43, 10], [47, 2], [5, 6], [27, 8], [30, 15], [26, 5], [75, 3], [32, 12], [0, 13], [6, 7], [0, 14], [19, 1], [43, 8]]
10
[11, 31, 51, 37, 131, 37, 32, 52, 107, 21, 37, 104, 29, 6, 95, 31, 40, 16, 63, 35]
526.9999905281808
[[35, 12], [11, 14], [56, 10], [62, 12], [54, 8], [11, 15], [0, 3], [61, 7], [44, 7], [20, 8], [8, 1], [36, 2], [21, 10], [70, 15], [66, 9], [0, 3], [7, 14], [18, 12], [38, 10], [40, 4]]
12
[120, 65, 107, 148, 1, 50, 68, 112, 29, 43, 154, 80, 128, 154, 81, 57, 143, 8, 44, 146]
758.9999984498496
[[44, 5], [70, 13], [43, 5], [39, 15], [54, 4], [35, 8], [67, 11], [12, 12], [70, 4], [31, 8], [4, 10], [16, 13], [75, 6], [29, 13], [14, 4], [31, 1], [1, 6], [40, 11], [47, 9], [48, 10]]
12
[39, 64, 130, 144, 12, 47, 81, 58, 99, 49, 155, 93, 20, 17, 69, 3, 95, 38, 27, 159]
678.9992803530324
[[71, 3], [13, 9], [35, 4], [74, 11], [67, 9], [13, 6], [19, 5], [45, 4], [3, 12], [57, 10], [23, 15], [34, 15], [7, 10], [22, 2], [75, 9], [62, 4], [65, 9], [37, 2], [4, 9], [65, 3]]
11
[149, 64, 45, 4, 118, 117, 93, 79, 61, 28, 3, 18, 105, 79, 5, 113, 102, 94, 149, 7]
512.0000000000001
[[1, 6], [64, 1], [19, 9], [57, 12], [69, 1], [19, 6], [17, 8], [67, 4], [47, 4], [28, 12], [16, 13], [25, 4], [69, 5], [67, 11], [18, 6], [51, 14], [45, 9], [57, 2], [38, 2], [41, 10]]
10
[72, 106, 60, 124, 101, 84, 60, 122, 8, 87, 77, 103, 114, 68, 28, 37, 65, 34, 80, 86]
409.9992102806499
[[40, 5], [16, 1], [71, 13], [0, 15], [46, 14], [49, 12], [4, 10], [30, 15], [54, 8], [49, 3], [45, 15], [62, 9], [74, 7], [46, 5], [39, 9], [61, 14], [41, 6], [47, 14], [16, 1], [29, 1]]
12
[78, 18, 17, 64, 152, 141, 98, 100, 137, 28, 151, 56, 156, 141, 5, 25, 50, 31, 135, 126]
648.9999982352944
[[44, 9], [11, 8], [38, 5], [20, 6], [72, 8], [68, 14], [37, 3], [51, 15], [19, 11], [75, 4], [73, 15], [17, 7], [0, 4], [56, 12], [24, 11], [26, 5], [40, 4], [74, 3], [31, 2], [65, 2]]
10
[83, 76, 61, 115, 42, 96, 56, 78, 83, 97, 39, 42, 122, 39, 43, 85, 117, 59, 8, 107]
389.9999689728831
[[15, 9], [8, 10], [62, 9], [63, 8], [4, 6], [53, 8], [32, 14], [30, 10], [64, 3], [39, 14], [3, 5], [34, 5], [3, 12], [0, 14], [12, 3], [47, 15], [40, 5], [73, 5], [5, 5], [56, 11]]
12
[71, 33, 58, 29, 136, 27, 52, 52, 115, 37, 156, 136, 32, 0, 62, 22, 96, 142, 159, 26]
780.9999971529294
[[26, 4], [20, 15], [16, 8], [15, 6], [38, 12], [38, 11], [20, 7], [10, 6], [72, 4], [59, 3], [58, 5], [71, 5], [20, 2], [11, 12], [35, 11], [25, 1], [67, 12], [58, 5], [16, 9], [38, 7]]
10
[79, 92, 108, 22, 105, 78, 32, 2, 112, 17, 114, 46, 113, 64, 132, 65, 18, 43, 135, 113]
517.9999873356355
[[70, 11], [72, 5], [37, 8], [0, 7], [46, 14], [64, 1], [1, 15], [74, 4], [24, 14], [39, 5], [37, 14], [27, 10], [21, 4], [58, 10], [12, 10], [45, 4], [11, 15], [13, 6], [54, 4], [67, 2]]
11
[38, 132, 126, 117, 48, 4, 87, 87, 58, 78, 145, 73, 143, 140, 127, 106, 9, 68, 132, 142]
630.9999848227602
[[36, 3], [49, 14], [72, 11], [41, 6], [33, 9], [5, 10], [70, 3], [59, 2], [13, 13], [18, 11], [29, 1], [71, 1], [53, 6], [27, 13], [28, 7], [29, 11], [3, 6], [70, 14], [34, 2], [62, 15]]
11
[46, 92, 140, 94, 20, 14, 111, 17, 137, 95, 32, 38, 16, 131, 134, 89, 52, 65, 61, 44]
548.0
[[5, 6], [32, 14], [18, 9], [20, 3], [49, 8], [30, 13], [33, 8], [2, 12], [48, 10], [24, 8], [72, 15], [44, 8], [23, 2], [47, 10], [28, 14], [63, 15], [3, 1], [28, 3], [3, 12], [68, 13]]
13
[162, 12, 22, 7, 104, 109, 159, 32, 80, 5, 28, 144, 153, 89, 156, 57, 146, 15, 33, 36]
839.9999516672987
[[40, 6], [18, 2], [48, 6], [75, 8], [7, 7], [7, 3], [60, 9], [66, 8], [20, 6], [27, 10], [75, 4], [59, 10], [24, 4], [67, 1], [39, 2], [38, 6], [25, 1], [1, 9], [46, 7], [62, 10]]
8
[30, 100, 82, 60, 32, 62, 103, 88, 101, 50, 22, 19, 92, 7, 40, 38, 80, 29, 26, 44]
246.99999718750013
[[36, 8], [29, 7], [66, 3], [27, 1], [54, 10], [44, 13], [20, 4], [13, 7], [47, 4], [25, 5], [37, 10], [0, 5], [12, 13], [22, 10], [32, 13], [45, 7], [2, 11], [10, 5], [21, 3], [57, 4]]
10
[115, 99, 95, 8, 54, 35, 105, 52, 86, 122, 118, 49, 85, 77, 88, 37, 123, 48, 84, 104]
561.9999597517938
[[13, 9], [37, 10], [61, 3], [42, 1], [7, 5], [27, 12], [2, 7], [68, 15], [28, 3], [10, 9], [4, 3], [50, 9], [29, 10], [40, 4], [55, 15], [19, 12], [74, 14], [31, 4], [44, 9], [0, 7]]
11
[48, 21, 129, 101, 82, 72, 87, 62, 87, 121, 90, 146, 10, 118, 1, 53, 74, 75, 99, 45]
655.0
[[3, 6], [71, 6], [72, 1], [15, 15], [33, 8], [66, 1], [71, 8], [56, 2], [45, 4], [9, 3], [8, 6], [34, 6], [47, 14], [45, 5], [32, 4], [65, 3], [61, 11], [73, 3], [45, 11], [33, 4]]
9
[65, 94, 76, 114, 47, 0, 66, 112, 5, 75, 21, 111, 68, 33, 110, 90, 8, 46, 10, 96]
221.0
[[54, 10], [23, 14], [34, 10], [73, 10], [29, 14], [15, 1], [69, 15], [55, 7], [68, 4], [2, 13], [43, 1], [59, 14], [3, 6], [69, 8], [28, 10], [29, 12], [69, 10], [0, 3], [59, 15], [22, 12]]
13
[128, 144, 136, 141, 89, 153, 121, 73, 4, 28, 59, 73, 18, 45, 100, 178, 34, 147, 176, 94]
794.9999968802738
[[43, 1], [20, 7], [0, 11], [43, 2], [72, 8], [15, 12], [71, 14], [36, 2], [20, 7], [56, 4], [8, 5], [40, 11], [13, 13], [62, 2], [75, 7], [30, 12], [27, 2], [39, 2], [61, 1], [37, 12]]
9
[57, 5, 102, 33, 114, 115, 73, 0, 104, 75, 50, 8, 106, 30, 0, 9, 50, 74, 43, 59]
405.99999297059037
[[33, 8], [1, 3], [63, 3], [7, 7], [49, 1], [49, 9], [57, 8], [68, 1], [43, 12], [64, 6], [71, 2], [18, 2], [67, 11], [47, 6], [66, 1], [69, 1], [1, 12], [42, 9], [20, 8], [4, 5]]
8
[34, 13, 57, 26, 72, 91, 20, 42, 19, 104, 1, 89, 89, 23, 66, 21, 20, 62, 18, 6]
232.0
[[27, 5], [62, 1], [8, 6], [1, 8], [1, 2], [5, 3], [0, 6], [31, 8], [66, 3], [0, 4], [15, 7], [66, 9], [30, 11], [33, 14], [71, 15], [18, 5], [24, 6], [7, 14], [33, 11], [53, 4]]
10
[81, 120, 53, 88, 67, 11, 112, 68, 29, 30, 58, 32, 34, 86, 64, 45, 8, 26, 16, 86]
551.999990495586
[[21, 10], [57, 3], [60, 15], [14, 2], [74, 13], [61, 12], [41, 6], [24, 1], [50, 12], [65, 8], [6, 14], [14, 2], [27, 8], [37, 3], [11, 14], [30, 2], [73, 5], [58, 13], [10, 7], [66, 3]]
11
[120, 104, 48, 88, 28, 55, 10, 82, 98, 64, 82, 122, 128, 93, 37, 80, 38, 126, 96, 87]
441.0
[[41, 1], [28, 11], [59, 13], [48, 11], [42, 9], [59, 15], [31, 11], [42, 14], [32, 9], [64, 6], [0, 1], [68, 7], [69, 1], [3, 2], [3, 15], [41, 10], [39, 15], [74, 5], [67, 3], [28, 3]]
11
[68, 27, 83, 72, 98, 82, 25, 136, 55, 118, 24, 111, 85, 74, 44, 2, 83, 91, 122, 136]
525.9999924999997
[[67, 6], [51, 9], [47, 2], [24, 6], [56, 15], [49, 15], [43, 1], [14, 13], [19, 10], [53, 13], [55, 9], [73, 12], [74, 15], [59, 15], [33, 8], [0, 5], [34, 10], [41, 1], [45, 8], [50, 1]]
12
[92, 63, 49, 18, 62, 66, 7, 68, 88, 128, 53, 100, 17, 12, 146, 108, 40, 38, 118, 40]
572.0
[[7, 14], [55, 7], [51, 10], [56, 2], [66, 1], [36, 5], [74, 11], [1, 9], [22, 14], [37, 4], [10, 1], [34, 8], [28, 5], [34, 4], [37, 2], [63, 14], [42, 5], [16, 4], [64, 1], [1, 13]]
9
[98, 78, 64, 45, 89, 20, 100, 117, 18, 57, 119, 21, 87, 17, 21, 44, 18, 24, 108, 38]
390.9999969528687
[[26, 13], [19, 2], [11, 3], [39, 3], [10, 14], [18, 4], [35, 3], [45, 15], [70, 9], [24, 13], [72, 3], [68, 9], [43, 2], [12, 9], [31, 9], [62, 10], [14, 7], [22, 8], [18, 9], [21, 5]]
10
[75, 24, 59, 130, 112, 12, 114, 44, 16, 5, 41, 122, 50, 42, 29, 30, 73, 112, 21, 95]
553.9999978302892
[[74, 10], [15, 9], [59, 4], [60, 5], [12, 9], [8, 7], [66, 13], [41, 2], [52, 7], [50, 2], [71, 13], [25, 13], [69, 9], [38, 6], [70, 10], [0, 15], [30, 14], [51, 9], [64, 11], [6, 6]]
12
[152, 62, 121, 153, 74, 16, 147, 106, 98, 3, 160, 140, 128, 101, 27, 35, 38, 158, 59, 102]
646.9999989348788
[[24, 3], [12, 1], [16, 10], [22, 4], [32, 15], [59, 4], [23, 8], [3, 15], [34, 10], [59, 15], [57, 10], [57, 1], [2, 15], [36, 1], [62, 6], [15, 12], [17, 5], [49, 7], [15, 9], [28, 4]]
11
[16, 80, 74, 142, 64, 122, 76, 96, 33, 85, 23, 1, 68, 70, 87, 26, 127, 21, 134, 35]
610.0000000000002
[[28, 4], [61, 12], [33, 15], [20, 1], [0, 14], [24, 1], [70, 14], [65, 6], [16, 6], [64, 14], [7, 9], [18, 5], [9, 2], [17, 12], [28, 11], [74, 14], [73, 12], [75, 14], [60, 14], [33, 5]]
13
[21, 112, 143, 128, 27, 43, 157, 99, 86, 23, 157, 113, 141, 39, 93, 20, 96, 113, 164, 101]
696.9999865000009
[[22, 10], [52, 2], [59, 3], [21, 12], [43, 2], [27, 11], [70, 3], [19, 2], [33, 14], [73, 14], [9, 15], [39, 7], [18, 4], [34, 15], [70, 8], [17, 6], [30, 7], [50, 11], [65, 13], [11, 3]]
11
[145, 35, 97, 90, 123, 77, 104, 136, 41, 133, 5, 35, 54, 149, 148, 47, 136, 116, 108, 52]
572.0
[[20, 10], [3, 13], [34, 6], [6, 7], [73, 10], [20, 12], [3, 3], [43, 4], [10, 3], [30, 5], [64, 3], [37, 11], [53, 3], [3, 4], [35, 14], [64, 7], [60, 4], [20, 2], [37, 8], [68, 7]]
10
[20, 88, 114, 29, 56, 44, 70, 67, 81, 77, 126, 37, 70, 96, 130, 37, 90, 103, 119, 36]
425.9999949925939
[[73, 11], [56, 10], [65, 10], [31, 6], [60, 2], [17, 14], [54, 1], [0, 10], [13, 7], [29, 13], [69, 9], [30, 6], [49, 9], [5, 11], [28, 1], [46, 10], [15, 3], [26, 2], [17, 5], [3, 10]]
10
[2, 17, 127, 44, 23, 71, 131, 102, 94, 112, 64, 33, 111, 58, 108, 109, 44, 103, 9, 33]
583.9999398335015
[[57, 2], [64, 12], [58, 1], [20, 1], [2, 1], [74, 4], [44, 1], [22, 13], [1, 1], [66, 13], [54, 6], [13, 5], [55, 11], [41, 1], [31, 10], [47, 14], [7, 5], [31, 2], [26, 14], [39, 6]]
9
[119, 8, 80, 11, 14, 98, 63, 47, 87, 47, 9, 74, 26, 20, 65, 91, 55, 78, 66, 98]
228.00000000000006
[[63, 15], [57, 3], [13, 9], [9, 4], [24, 2], [57, 14], [21, 9], [62, 14], [19, 4], [75, 6], [42, 11], [35, 6], [25, 7], [61, 11], [12, 6], [56, 10], [50, 14], [41, 4], [65, 13], [53, 2]]
11
[39, 98, 53, 32, 148, 14, 101, 30, 52, 8, 49, 90, 105, 61, 74, 149, 129, 67, 69, 39]
505.9990425833902
[[28, 3], [60, 1], [53, 4], [67, 2], [66, 13], [46, 12], [17, 12], [10, 14], [12, 13], [36, 11], [21, 12], [17, 11], [73, 10], [40, 8], [41, 13], [41, 7], [12, 13], [65, 15], [58, 13], [63, 10]]
14
[12, 118, 121, 130, 21, 145, 33, 72, 133, 109, 114, 94, 150, 187, 195, 99, 162, 73, 184, 124]
976.9999985940799
[[17, 5], [45, 9], [22, 2], [54, 10], [53, 15], [35, 1], [16, 5], [62, 11], [43, 12], [9, 12], [44, 12], [28, 4], [58, 4], [73, 7], [53, 13], [75, 3], [60, 9], [57, 2], [59, 9], [16, 5]]
10
[102, 64, 59, 81, 114, 73, 13, 61, 34, 51, 43, 29, 105, 128, 14, 49, 5, 70, 124, 74]
409.9999931605617
[[41, 3], [63, 14], [29, 9], [48, 1], [30, 11], [52, 10], [62, 10], [68, 12], [8, 8], [52, 8], [10, 14], [68, 5], [8, 6], [27, 6], [64, 1], [66, 2], [12, 9], [18, 9], [9, 11], [48, 2]]
11
[115, 63, 114, 137, 119, 86, 38, 7, 130, 16, 22, 119, 48, 94, 88, 23, 15, 86, 103, 44]
552.9999279646019
[[55, 1], [70, 13], [18, 6], [25, 7], [17, 11], [18, 15], [18, 2], [53, 7], [48, 7], [57, 13], [52, 4], [46, 10], [47, 15], [25, 12], [9, 7], [7, 1], [71, 13], [60, 2], [51, 4], [74, 15], [47, 2], [20, 14], [4, 7], [55, 1], [49, 3], [10, 7], [63, 9], [11, 12], [32, 14], [26, 13]]
17
[197, 188, 22, 140, 193, 177, 98, 123, 24, 21, 165, 56, 26, 132, 115, 62, 21, 98, 192, 78, 131, 73, 172, 77, 206, 105, 110, 3, 78, 195]
1661.9998704272057
[[3, 2], [7, 15], [65, 13], [22, 6], [64, 3], [23, 1], [20, 8], [56, 10], [71, 10], [10, 9], [25, 9], [71, 3], [62, 2], [32, 13], [63, 3], [67, 5], [26, 4], [3, 9], [68, 12], [2, 7], [32, 14], [10, 12], [55, 1], [25, 14], [13, 10], [69, 12], [72, 9], [24, 12], [69, 13], [64, 7]]
17
[204, 21, 1, 216, 226, 149, 64, 106, 104, 113, 16, 211, 80, 137, 73, 144, 132, 157, 215, 42, 135, 70, 99, 19, 195, 71, 219, 51, 162, 58]
1773.99999500019
[[4, 14], [30, 12], [26, 9], [71, 10], [53, 2], [9, 10], [29, 10], [42, 14], [61, 14], [40, 10], [44, 13], [69, 6], [53, 8], [47, 12], [62, 3], [41, 14], [75, 6], [75, 11], [75, 12], [36, 11], [49, 5], [4, 2], [31, 11], [46, 4], [25, 11], [63, 15], [54, 8], [70, 3], [24, 7], [16, 14]]
19
[41, 123, 68, 31, 213, 64, 103, 115, 181, 206, 190, 220, 268, 53, 88, 120, 126, 207, 166, 8, 4, 34, 219, 188, 92, 132, 57, 120, 269, 230]
2232.9999895684414
[[66, 13], [21, 2], [15, 5], [12, 15], [42, 1], [61, 2], [5, 7], [67, 3], [3, 8], [7, 12], [71, 2], [75, 4], [10, 15], [66, 2], [29, 4], [0, 2], [20, 14], [20, 6], [28, 12], [33, 3], [13, 10], [0, 14], [52, 15], [34, 5], [68, 6], [55, 12], [36, 1], [64, 14], [60, 13], [51, 6]]
16
[7, 161, 219, 49, 93, 157, 181, 107, 83, 104, 184, 114, 46, 52, 70, 41, 38, 5, 71, 170, 94, 61, 212, 66, 140, 179, 6, 58, 99, 55]
1424.9998993457
[[2, 10], [22, 11], [50, 6], [53, 2], [58, 5], [50, 7], [13, 3], [5, 6], [7, 14], [24, 3], [74, 2], [73, 14], [73, 9], [42, 9], [4, 5], [36, 8], [41, 8], [9, 14], [69, 15], [9, 10], [16, 15], [13, 5], [29, 5], [65, 8], [49, 6], [35, 10], [0, 9], [65, 11], [60, 4], [7, 10]]
17
[101, 184, 118, 84, 168, 237, 188, 17, 163, 125, 109, 54, 186, 107, 240, 118, 125, 44, 224, 137, 6, 165, 78, 110, 187, 52, 184, 150, 90, 104]
1859.9999906558874
[[8, 7], [17, 1], [60, 3], [18, 6], [27, 12], [3, 15], [38, 10], [58, 5], [2, 4], [51, 1], [63, 13], [42, 1], [6, 11], [43, 4], [73, 10], [44, 8], [5, 2], [10, 14], [24, 3], [49, 4], [60, 7], [21, 8], [68, 12], [61, 2], [67, 10], [62, 7], [37, 8], [35, 14], [7, 3], [15, 5]]
14
[124, 27, 130, 55, 101, 45, 125, 152, 136, 87, 110, 59, 61, 128, 61, 57, 188, 130, 44, 83, 127, 106, 73, 102, 142, 13, 61, 190, 167, 41]
1240.99999205877
[[71, 3], [5, 15], [16, 14], [50, 7], [25, 3], [15, 1], [30, 3], [70, 1], [8, 10], [18, 11], [23, 8], [71, 4], [51, 8], [48, 9], [54, 12], [64, 11], [12, 13], [17, 1], [25, 9], [31, 8], [19, 12], [7, 5], [53, 8], [17, 2], [11, 13], [54, 11], [59, 12], [1, 14], [21, 4], [15, 7]]
16
[66, 177, 225, 119, 16, 48, 23, 83, 170, 76, 148, 20, 97, 192, 48, 204, 59, 4, 19, 218, 210, 163, 88, 160, 105, 141, 189, 9, 89, 187]
1798.999739275752
[[16, 4], [12, 9], [37, 4], [44, 12], [55, 8], [71, 5], [13, 15], [73, 7], [38, 5], [2, 11], [20, 15], [18, 4], [11, 5], [53, 13], [37, 11], [69, 14], [23, 5], [71, 11], [44, 6], [36, 14], [72, 8], [5, 2], [3, 6], [71, 9], [0, 5], [73, 15], [63, 15], [2, 15], [17, 14], [4, 7]]
19
[3, 103, 255, 250, 49, 235, 162, 164, 11, 216, 125, 49, 179, 215, 36, 242, 219, 131, 106, 56, 132, 77, 221, 128, 270, 191, 23, 194, 260, 227]
2128.0000000000014
[[11, 4], [44, 10], [31, 12], [15, 9], [67, 13], [36, 9], [18, 5], [0, 3], [12, 13], [0, 15], [20, 3], [35, 12], [46, 7], [48, 8], [50, 9], [18, 2], [53, 10], [26, 12], [63, 3], [34, 2], [6, 1], [57, 8], [16, 3], [35, 10], [62, 6], [9, 8], [65, 4], [23, 2], [71, 8], [37, 7]]
15
[117, 10, 35, 169, 1, 148, 125, 55, 76, 111, 23, 174, 163, 59, 128, 152, 195, 21, 128, 169, 93, 89, 12, 149, 74, 10, 140, 68, 206, 41]
1450.9998264994283
[[35, 13], [61, 10], [13, 9], [73, 2], [11, 14], [42, 12], [31, 9], [75, 13], [2, 9], [3, 4], [1, 12], [49, 11], [48, 14], [36, 3], [2, 5], [50, 5], [37, 2], [37, 13], [43, 4], [35, 15], [1, 8], [17, 8], [54, 1], [16, 1], [69, 5], [75, 11], [73, 4], [19, 8], [28, 11], [46, 6]]
17
[191, 137, 78, 158, 47, 238, 178, 168, 6, 34, 17, 11, 10, 102, 103, 157, 2, 215, 151, 189, 14, 118, 195, 71, 26, 25, 229, 107, 156, 71]
1763.9999887180934
[[34, 12], [23, 2], [20, 6], [65, 4], [17, 2], [52, 8], [30, 3], [49, 8], [67, 7], [47, 11], [6, 6], [31, 13], [8, 11], [11, 10], [35, 5], [73, 4], [59, 14], [22, 2], [65, 13], [30, 6], [7, 9], [14, 8], [65, 13], [24, 8], [4, 13], [19, 3], [34, 14], [31, 11], [10, 7], [16, 7]]
16
[43, 189, 216, 130, 53, 123, 150, 18, 50, 37, 124, 57, 29, 28, 77, 189, 25, 218, 156, 154, 55, 103, 218, 43, 64, 10, 51, 158, 188, 51]
1833.9999816056286
[[27, 5], [4, 2], [70, 2], [21, 12], [52, 15], [21, 12], [3, 9], [35, 15], [54, 10], [66, 8], [10, 1], [34, 5], [24, 2], [64, 14], [40, 4], [0, 4], [0, 4], [17, 3], [48, 14], [6, 13], [34, 11], [59, 3], [15, 15], [3, 15], [9, 5], [28, 12], [73, 4], [44, 11], [8, 15], [68, 1]]
17
[135, 217, 31, 94, 230, 143, 27, 66, 78, 43, 2, 121, 34, 211, 177, 238, 206, 100, 118, 32, 52, 23, 148, 47, 46, 180, 194, 200, 234, 142]
1746.9999897518906
[[13, 12], [9, 6], [58, 2], [62, 15], [67, 1], [70, 2], [46, 11], [22, 10], [52, 11], [6, 11], [15, 1], [39, 12], [21, 6], [23, 10], [19, 12], [10, 13], [50, 8], [58, 12], [64, 12], [39, 15], [71, 10], [66, 9], [52, 10], [58, 11], [52, 4], [55, 11], [23, 7], [75, 6], [16, 3], [4, 6]]
18
[108, 20, 19, 55, 110, 30, 49, 231, 58, 153, 194, 99, 161, 49, 213, 91, 9, 172, 125, 120, 191, 62, 216, 71, 238, 212, 91, 224, 114, 39]
1969.9998857250039
[[26, 12], [1, 4], [37, 9], [31, 5], [20, 9], [26, 1], [5, 14], [30, 7], [47, 5], [30, 3], [27, 13], [63, 4], [10, 7], [53, 9], [31, 14], [68, 6], [42, 14], [16, 11], [1, 8], [59, 3], [18, 14], [38, 4], [39, 3], [34, 8], [15, 8], [49, 5], [29, 3], [34, 8], [44, 14], [15, 6]]
16
[6, 194, 211, 118, 66, 27, 207, 126, 57, 181, 7, 156, 148, 206, 189, 59, 168, 154, 103, 76, 43, 56, 105, 192, 169, 91, 187, 101, 210, 186]
1734.999989999992
[[51, 11], [6, 12], [34, 4], [29, 15], [74, 5], [62, 9], [54, 5], [39, 11], [29, 13], [29, 5], [75, 6], [33, 11], [34, 14], [25, 4], [5, 11], [56, 15], [27, 10], [53, 3], [71, 2], [62, 2], [66, 4], [61, 2], [71, 7], [4, 9], [16, 11], [41, 10], [71, 5], [35, 4], [48, 4], [0, 3]]
16
[128, 94, 112, 160, 125, 209, 161, 32, 177, 206, 120, 224, 53, 109, 148, 84, 96, 182, 41, 59, 154, 54, 77, 11, 94, 36, 173, 146, 82, 142]
1472.9999962854024
[[35, 11], [38, 13], [74, 2], [74, 11], [69, 13], [50, 6], [50, 3], [60, 15], [68, 11], [6, 2], [17, 9], [47, 14], [48, 11], [26, 4], [21, 9], [0, 6], [68, 15], [16, 2], [54, 12], [22, 3], [29, 15], [62, 12], [72, 6], [69, 3], [43, 1], [59, 2], [22, 11], [21, 14], [31, 5], [61, 4]]
17
[35, 38, 240, 105, 145, 125, 119, 137, 164, 230, 119, 94, 85, 176, 63, 3, 231, 65, 65, 175, 24, 207, 220, 225, 104, 133, 107, 178, 207, 56]
1505.9999983246423
[[3, 6], [3, 12], [18, 7], [47, 1], [12, 1], [30, 9], [46, 9], [17, 8], [75, 3], [38, 4], [34, 3], [7, 6], [43, 9], [47, 2], [41, 5], [5, 13], [53, 11], [70, 8], [10, 6], [73, 13], [13, 12], [3, 15], [9, 4], [19, 11], [68, 11], [16, 4], [62, 12], [54, 7], [34, 15], [29, 14]]
17
[87, 104, 131, 133, 137, 76, 102, 98, 85, 138, 170, 208, 135, 95, 204, 149, 155, 110, 130, 213, 68, 184, 102, 33, 6, 91, 74, 62, 197, 0]
1789.9997491382355
[[66, 5], [60, 5], [15, 12], [19, 11], [61, 2], [26, 15], [27, 15], [12, 1], [41, 8], [74, 3], [26, 15], [68, 6], [59, 11], [23, 7], [20, 6], [31, 7], [39, 3], [13, 8], [16, 9], [22, 5], [41, 14], [54, 1], [15, 3], [59, 12], [66, 4], [24, 4], [73, 3], [29, 7], [24, 12], [38, 5]]
15
[141, 114, 50, 136, 190, 177, 185, 21, 3, 175, 103, 80, 69, 23, 206, 160, 56, 26, 146, 16, 97, 58, 18, 105, 196, 131, 196, 172, 142, 96]
1377.9999850562376
[[67, 11], [7, 4], [73, 14], [19, 7], [13, 2], [61, 4], [9, 11], [37, 13], [19, 8], [75, 5], [59, 2], [66, 8], [72, 14], [44, 9], [18, 14], [3, 11], [25, 1], [8, 6], [61, 9], [61, 14], [45, 12], [60, 11], [53, 6], [11, 11], [22, 7], [38, 1], [59, 11], [70, 5], [58, 11], [47, 3]]
17
[26, 81, 200, 109, 239, 231, 52, 4, 57, 157, 72, 209, 15, 210, 192, 70, 219, 122, 48, 158, 88, 86, 96, 65, 17, 227, 86, 158, 76, 20]
1641.9999593079117
[[30, 5], [30, 10], [47, 9], [55, 13], [34, 8], [45, 6], [2, 11], [55, 14], [67, 3], [55, 8], [12, 15], [21, 7], [46, 5], [25, 1], [1, 8], [35, 1], [61, 4], [57, 4], [9, 6], [73, 8], [38, 4], [51, 6], [20, 7], [3, 11], [72, 3], [17, 9], [41, 12], [1, 7], [45, 6], [68, 8]]
15
[105, 143, 47, 191, 11, 204, 168, 29, 177, 38, 12, 31, 164, 191, 140, 143, 111, 203, 101, 86, 22, 62, 23, 166, 68, 20, 128, 121, 35, 56]
1535.9999731579578
[[71, 15], [58, 9], [46, 14], [59, 10], [12, 14], [12, 10], [9, 3], [74, 2], [69, 1], [14, 9], [3, 6], [71, 7], [75, 7], [3, 9], [16, 14], [0, 4], [2, 15], [36, 10], [0, 8], [29, 11], [4, 12], [70, 11], [29, 4], [35, 3], [4, 5], [1, 10], [46, 8], [56, 11], [67, 2], [51, 13]]
18
[28, 55, 99, 81, 195, 174, 167, 10, 217, 103, 18, 31, 156, 30, 91, 228, 253, 149, 124, 80, 243, 96, 173, 25, 31, 15, 242, 138, 32, 201]
2069.9999898452324
[[67, 13], [55, 14], [46, 9], [64, 11], [36, 12], [29, 15], [32, 3], [59, 2], [64, 13], [45, 12], [3, 11], [51, 2], [56, 6], [46, 5], [34, 13], [21, 15], [52, 1], [42, 5], [14, 4], [71, 10], [47, 4], [34, 9], [33, 12], [18, 6], [8, 1], [33, 4], [47, 10], [54, 3], [29, 10], [71, 15]]
17
[123, 10, 172, 26, 75, 219, 191, 80, 94, 41, 74, 15, 42, 189, 119, 224, 10, 121, 214, 27, 38, 190, 11, 35, 35, 176, 41, 24, 176, 136]
1642.9999508440023
[[13, 14], [46, 12], [37, 3], [40, 10], [30, 12], [13, 13], [51, 11], [44, 9], [50, 9], [36, 3], [54, 5], [37, 14], [0, 15], [69, 13], [44, 7], [19, 2], [40, 1], [30, 11], [70, 14], [11, 1], [60, 12], [49, 5], [27, 12], [36, 11], [64, 5], [7, 3], [52, 5], [57, 8], [9, 10], [46, 15]]
18
[50, 13, 79, 112, 144, 136, 17, 242, 193, 181, 65, 38, 50, 198, 54, 139, 117, 105, 58, 132, 216, 48, 99, 111, 129, 191, 136, 218, 107, 11]
2004.9999403989634
[[26, 7], [31, 15], [43, 9], [13, 3], [3, 14], [44, 7], [15, 3], [15, 3], [62, 7], [55, 3], [28, 8], [4, 7], [66, 15], [2, 7], [23, 7], [53, 13], [10, 3], [21, 15], [70, 12], [15, 7], [17, 10], [40, 11], [61, 9], [65, 14], [70, 3], [49, 5], [17, 9], [26, 6], [8, 12], [63, 9]]
17
[142, 196, 219, 147, 168, 12, 120, 225, 80, 42, 100, 2, 141, 104, 226, 79, 177, 75, 184, 64, 21, 91, 53, 32, 140, 23, 235, 199, 32, 236]
1961.9987801189905
[[44, 5], [66, 1], [46, 12], [16, 11], [39, 8], [47, 5], [67, 5], [1, 13], [5, 9], [1, 13], [29, 3], [8, 11], [49, 7], [66, 11], [29, 13], [60, 14], [33, 2], [71, 7], [70, 2], [46, 6], [24, 1], [29, 7], [43, 15], [61, 3], [4, 6], [36, 11], [16, 9], [66, 15], [66, 3], [39, 6]]
16
[214, 80, 47, 207, 199, 27, 169, 34, 25, 163, 92, 5, 183, 101, 73, 82, 160, 155, 157, 212, 14, 59, 135, 212, 204, 9, 33, 40, 190, 115]
1585.999995636336
[[13, 10], [25, 1], [56, 2], [8, 13], [68, 7], [6, 5], [65, 12], [46, 10], [43, 10], [34, 13], [67, 13], [52, 1], [33, 13], [5, 13], [48, 6], [27, 3], [37, 12], [32, 7], [26, 7], [40, 2], [60, 11], [37, 2], [60, 4], [51, 15], [51, 11], [18, 15], [52, 10], [71, 11], [38, 6], [48, 14], [48, 10], [72, 1], [23, 14], [37, 2], [0, 2], [59, 5], [72, 2], [8, 12], [41, 14], [68, 12]]
23
[197, 318, 295, 233, 169, 53, 73, 62, 84, 257, 304, 135, 186, 248, 133, 320, 54, 238, 296, 134, 195, 64, 217, 71, 190, 142, 197, 31, 0, 234, 232, 0, 212, 138, 301, 82, 168, 220, 135, 269]
3364.9999680119554
[[51, 13], [45, 9], [13, 7], [43, 4], [9, 13], [18, 1], [36, 15], [54, 15], [24, 12], [57, 1], [10, 6], [31, 7], [50, 4], [58, 6], [32, 2], [57, 11], [59, 12], [1, 7], [7, 14], [33, 2], [31, 12], [10, 15], [27, 5], [39, 3], [40, 9], [50, 8], [41, 2], [23, 6], [37, 13], [73, 5], [7, 9], [50, 12], [3, 12], [19, 15], [52, 11], [40, 11], [22, 14], [46, 3], [0, 4], [4, 7]]
23
[131, 133, 251, 133, 287, 86, 298, 266, 246, 106, 255, 319, 18, 207, 12, 104, 124, 68, 55, 23, 149, 205, 275, 103, 121, 37, 238, 195, 325, 18, 178, 290, 211, 200, 146, 203, 201, 163, 220, 299]
3719.999996400002
[[63, 6], [44, 7], [49, 8], [40, 10], [33, 14], [13, 9], [5, 1], [4, 4], [9, 14], [12, 8], [33, 10], [52, 7], [58, 7], [59, 3], [12, 3], [11, 5], [30, 15], [68, 3], [1, 9], [57, 4], [39, 14], [18, 15], [44, 3], [17, 9], [67, 1], [42, 3], [62, 1], [52, 3], [74, 13], [67, 10], [22, 9], [63, 15], [13, 3], [7, 15], [18, 7], [50, 10], [31, 14], [41, 5], [13, 10], [18, 7]]
21
[198, 143, 209, 193, 206, 39, 80, 260, 35, 102, 283, 193, 25, 249, 263, 263, 169, 2, 203, 238, 246, 235, 267, 205, 50, 16, 230, 96, 228, 220, 19, 14, 211, 116, 22, 69, 155, 287, 55, 228]
3218.9998864319036
[[12, 9], [4, 7], [27, 12], [49, 9], [69, 3], [36, 14], [34, 10], [31, 11], [39, 1], [59, 15], [4, 15], [3, 12], [58, 10], [65, 13], [23, 13], [64, 6], [59, 3], [21, 1], [27, 4], [36, 3], [69, 5], [37, 6], [63, 12], [66, 9], [20, 15], [65, 4], [13, 14], [72, 7], [61, 10], [65, 2], [41, 12], [40, 14], [0, 5], [66, 2], [45, 10], [7, 3], [63, 13], [19, 8], [29, 1], [61, 12]]
23
[227, 139, 20, 92, 107, 223, 18, 177, 254, 113, 164, 193, 116, 206, 208, 174, 42, 206, 166, 166, 136, 133, 23, 235, 242, 178, 63, 101, 112, 26, 312, 106, 300, 122, 211, 261, 32, 68, 285, 250]
3438.9998832250058
[[71, 9], [62, 3], [43, 2], [61, 7], [35, 5], [48, 13], [20, 3], [35, 10], [52, 8], [28, 12], [12, 13], [68, 9], [64, 5], [67, 6], [36, 9], [14, 6], [47, 14], [70, 11], [66, 8], [54, 15], [63, 12], [27, 1], [9, 4], [45, 2], [23, 12], [35, 9], [11, 4], [71, 15], [73, 10], [17, 1], [37, 1], [25, 14], [68, 1], [3, 9], [49, 6], [31, 8], [62, 13], [66, 10], [48, 3], [23, 15]]
22
[210, 123, 181, 259, 109, 190, 229, 38, 261, 255, 105, 103, 17, 255, 33, 84, 287, 250, 302, 65, 243, 55, 103, 178, 84, 216, 115, 116, 93, 182, 242, 129, 118, 309, 208, 85, 280, 271, 220, 51]
2980.999039135855
[[6, 6], [51, 4], [9, 11], [43, 3], [65, 13], [4, 13], [56, 11], [5, 5], [55, 7], [36, 5], [63, 13], [27, 6], [72, 7], [27, 14], [5, 3], [15, 14], [1, 11], [50, 4], [12, 15], [60, 8], [21, 2], [25, 4], [48, 1], [8, 13], [23, 2], [70, 10], [36, 9], [16, 14], [38, 7], [42, 3], [25, 10], [18, 3], [33, 15], [66, 5], [44, 11], [71, 13], [12, 14], [16, 6], [14, 8], [53, 9]]
23
[122, 126, 86, 178, 85, 21, 326, 112, 238, 96, 186, 324, 22, 113, 139, 43, 136, 179, 44, 36, 51, 106, 87, 3, 144, 161, 98, 222, 219, 38, 170, 95, 81, 324, 282, 211, 69, 288, 151, 303]
3605.9999969393384
[[18, 8], [74, 8], [33, 13], [23, 6], [54, 15], [64, 13], [5, 7], [32, 9], [32, 12], [1, 3], [37, 5], [37, 6], [26, 14], [30, 6], [21, 7], [50, 9], [6, 14], [56, 6], [71, 9], [6, 13], [34, 4], [24, 13], [15, 4], [28, 4], [70, 11], [63, 12], [29, 11], [31, 9], [33, 5], [40, 5], [74, 15], [14, 6], [26, 2], [22, 11], [18, 4], [61, 14], [62, 8], [34, 12], [30, 7], [26, 14]]
24
[226, 193, 116, 56, 83, 300, 244, 53, 343, 342, 156, 228, 45, 245, 267, 277, 155, 145, 10, 327, 17, 185, 238, 101, 320, 171, 309, 259, 95, 238, 119, 21, 292, 174, 240, 173, 60, 217, 323, 298]
4114.99994778083
[[40, 4], [2, 6], [1, 9], [59, 4], [47, 4], [26, 4], [64, 14], [52, 14], [73, 12], [37, 2], [58, 14], [46, 2], [37, 4], [55, 15], [12, 8], [28, 1], [35, 10], [39, 8], [40, 6], [37, 7], [58, 15], [26, 14], [23, 2], [63, 6], [13, 4], [12, 2], [18, 8], [70, 15], [40, 10], [25, 1], [17, 7], [74, 14], [73, 15], [67, 11], [23, 12], [0, 10], [54, 9], [57, 14], [16, 9], [48, 15]]
23
[169, 153, 154, 230, 66, 307, 100, 34, 215, 131, 199, 16, 209, 11, 198, 111, 6, 270, 221, 266, 194, 16, 45, 175, 311, 38, 144, 129, 221, 299, 84, 308, 150, 146, 162, 93, 154, 45, 190, 204]
3421.999779229136
[[60, 9], [37, 11], [17, 13], [57, 15], [52, 5], [1, 14], [17, 14], [35, 8], [18, 14], [72, 13], [0, 4], [5, 4], [31, 4], [39, 12], [52, 8], [32, 1], [0, 7], [2, 12], [54, 12], [21, 8], [21, 3], [13, 10], [15, 1], [33, 1], [6, 5], [3, 12], [7, 15], [10, 5], [58, 1], [1, 7], [55, 12], [62, 15], [65, 7], [28, 9], [7, 7], [63, 12], [3, 3], [66, 10], [61, 15], [75, 1]]
23
[225, 1, 64, 32, 266, 15, 150, 19, 139, 194, 102, 234, 14, 316, 47, 246, 264, 140, 34, 286, 256, 158, 327, 298, 248, 281, 109, 189, 255, 281, 160, 32, 41, 132, 63, 2, 109, 244, 235, 290]
3729.9999764522236
[[34, 3], [61, 2], [36, 8], [37, 6], [74, 15], [73, 11], [24, 14], [57, 14], [48, 7], [3, 7], [44, 8], [30, 10], [58, 8], [55, 13], [25, 7], [65, 5], [6, 13], [40, 9], [37, 15], [17, 2], [27, 11], [36, 1], [15, 5], [51, 15], [9, 10], [37, 15], [12, 2], [41, 15], [55, 13], [24, 4], [71, 9], [45, 1], [32, 9], [25, 7], [65, 12], [24, 12], [71, 10], [63, 2], [21, 6], [67, 11]]
24
[109, 172, 208, 229, 321, 328, 145, 82, 46, 190, 61, 142, 72, 216, 269, 176, 0, 212, 291, 213, 288, 90, 218, 238, 57, 106, 282, 57, 236, 134, 222, 283, 116, 73, 260, 265, 102, 60, 280, 184]
3661.999975040699
[[66, 5], [7, 7], [29, 2], [34, 3], [57, 11], [30, 13], [5, 5], [12, 2], [60, 6], [5, 9], [30, 8], [66, 8], [23, 14], [61, 8], [37, 1], [25, 9], [57, 11], [52, 4], [30, 7], [67, 5], [37, 9], [17, 10], [72, 12], [56, 14], [44, 3], [22, 6], [21, 6], [68, 14], [57, 10], [72, 13], [25, 10], [47, 9], [66, 1], [51, 3], [68, 4], [18, 11], [64, 9], [40, 3], [31, 10], [48, 13]]
21
[255, 16, 3, 222, 266, 174, 58, 6, 89, 127, 133, 166, 188, 147, 211, 14, 119, 48, 126, 232, 203, 198, 120, 24, 91, 266, 293, 292, 217, 218, 14, 37, 137, 150, 137, 172, 185, 220, 281, 257]
3049.999982266586
[[44, 4], [21, 9], [15, 13], [4, 3], [56, 9], [60, 8], [70, 10], [46, 12], [62, 2], [46, 10], [51, 3], [52, 3], [67, 11], [43, 14], [35, 15], [74, 13], [57, 6], [52, 9], [26, 8], [36, 12], [11, 12], [63, 9], [72, 12], [43, 7], [64, 10], [63, 11], [25, 8], [33, 3], [7, 4], [58, 15], [39, 14], [40, 8], [45, 14], [13, 12], [8, 13], [4, 8], [5, 3], [18, 12], [32, 9], [42, 13]]
25
[326, 274, 219, 131, 145, 117, 145, 169, 121, 136, 71, 86, 220, 250, 218, 76, 141, 84, 86, 297, 358, 211, 232, 47, 245, 248, 345, 38, 0, 257, 250, 223, 24, 153, 52, 354, 240, 94, 184, 277]
4400.999994491602
[[48, 6], [50, 14], [74, 14], [46, 7], [47, 14], [56, 10], [55, 8], [10, 2], [27, 10], [21, 15], [71, 11], [9, 12], [53, 14], [31, 6], [48, 9], [51, 11], [50, 14], [22, 12], [62, 14], [39, 4], [62, 9], [40, 3], [68, 10], [38, 15], [36, 15], [72, 8], [31, 5], [51, 1], [71, 5], [72, 12], [10, 10], [12, 7], [63, 9], [72, 14], [20, 12], [33, 9], [18, 7], [10, 12], [29, 8], [54, 13]]
27
[148, 226, 40, 327, 260, 117, 267, 170, 94, 315, 12, 379, 40, 96, 157, 318, 204, 41, 75, 166, 371, 174, 150, 175, 148, 16, 306, 24, 266, 236, 178, 237, 233, 204, 106, 311, 333, 244, 82, 12]
4712.999875712091
[[4, 11], [23, 14], [10, 11], [71, 12], [3, 2], [39, 10], [29, 2], [10, 5], [31, 11], [3, 8], [30, 7], [46, 6], [0, 3], [17, 15], [58, 3], [65, 7], [65, 15], [40, 6], [46, 9], [28, 11], [4, 2], [38, 2], [55, 4], [44, 8], [5, 1], [53, 3], [5, 3], [51, 5], [1, 12], [31, 13], [0, 2], [70, 1], [52, 5], [43, 10], [28, 3], [13, 6], [4, 13], [20, 5], [69, 5], [27, 1]]
19
[155, 61, 34, 2, 175, 151, 238, 197, 100, 106, 142, 8, 185, 96, 151, 55, 112, 19, 172, 201, 69, 164, 23, 54, 217, 165, 30, 33, 230, 112, 233, 223, 131, 235, 151, 200, 35, 24, 116, 154]
2477.9999451640074
[[53, 12], [68, 1], [54, 15], [33, 14], [65, 13], [18, 3], [55, 1], [49, 15], [4, 11], [39, 2], [11, 15], [2, 7], [26, 12], [50, 14], [49, 5], [4, 10], [63, 8], [11, 14], [52, 7], [53, 14], [44, 7], [74, 8], [68, 2], [73, 11], [19, 10], [39, 5], [73, 13], [4, 2], [53, 4], [31, 12], [64, 9], [31, 12], [12, 12], [73, 7], [52, 2], [66, 6], [56, 10], [27, 7], [38, 3], [72, 1]]
23
[96, 264, 220, 75, 158, 7, 280, 34, 27, 206, 22, 105, 285, 254, 242, 282, 94, 290, 70, 222, 304, 137, 118, 98, 257, 54, 164, 260, 181, 141, 84, 296, 126, 216, 7, 164, 194, 84, 164, 74]
3381.999985999999
[[3, 2], [65, 12], [60, 13], [22, 7], [47, 7], [11, 1], [53, 12], [53, 3], [7, 6], [29, 10], [54, 12], [28, 11], [31, 13], [75, 6], [11, 10], [18, 12], [64, 3], [12, 3], [71, 10], [45, 14], [63, 9], [23, 10], [7, 11], [30, 11], [29, 11], [25, 11], [55, 12], [33, 2], [9, 11], [45, 7], [23, 8], [26, 4], [54, 8], [18, 7], [51, 5], [74, 15], [71, 8], [3, 2], [67, 15], [64, 13], [66, 13], [15, 2], [44, 3], [70, 2], [31, 15], [12, 10], [49, 7], [58, 11], [68, 11], [37, 7]]
29
[71, 410, 419, 353, 282, 272, 311, 114, 339, 154, 382, 174, 90, 96, 112, 69, 3, 10, 169, 390, 381, 127, 138, 60, 373, 166, 179, 47, 55, 174, 127, 388, 379, 353, 158, 168, 20, 377, 35, 143, 226, 400, 175, 171, 151, 166, 265, 68, 52, 318]
6201.99992583156
[[68, 5], [48, 15], [51, 7], [75, 12], [45, 14], [35, 9], [57, 8], [72, 6], [75, 10], [35, 13], [10, 11], [67, 10], [13, 11], [17, 4], [49, 7], [3, 3], [18, 15], [24, 2], [52, 4], [38, 10], [60, 5], [15, 10], [64, 3], [49, 11], [3, 12], [71, 7], [8, 15], [29, 5], [70, 9], [67, 4], [36, 13], [39, 10], [72, 12], [17, 2], [31, 12], [34, 7], [49, 5], [49, 5], [40, 5], [60, 4], [2, 6], [71, 2], [64, 7], [61, 11], [26, 3], [70, 9], [5, 6], [41, 5], [34, 15], [68, 6]]
27
[172, 335, 347, 375, 17, 68, 330, 293, 208, 282, 229, 47, 132, 163, 278, 233, 324, 329, 366, 50, 39, 232, 164, 366, 161, 29, 224, 371, 300, 274, 356, 303, 299, 365, 255, 74, 360, 58, 366, 381, 348, 158, 119, 92, 18, 262, 356, 198, 128, 269]
5426.006282806905
[[33, 13], [2, 4], [3, 8], [7, 10], [37, 3], [57, 15], [5, 11], [27, 1], [49, 8], [58, 5], [59, 3], [39, 6], [67, 5], [70, 9], [52, 13], [29, 2], [17, 8], [11, 15], [31, 3], [5, 2], [29, 12], [54, 4], [51, 11], [72, 6], [60, 14], [0, 2], [33, 3], [21, 7], [50, 12], [16, 2], [17, 11], [62, 6], [63, 6], [14, 15], [5, 4], [20, 12], [31, 15], [56, 14], [72, 11], [73, 2], [74, 9], [30, 8], [45, 3], [15, 1], [17, 9], [74, 3], [15, 15], [51, 9], [41, 4], [66, 8]]
26
[106, 85, 192, 76, 285, 265, 185, 287, 300, 84, 83, 36, 372, 356, 133, 310, 241, 280, 146, 21, 300, 79, 194, 83, 30, 351, 162, 274, 94, 46, 60, 55, 253, 220, 40, 132, 351, 136, 187, 366, 234, 366, 244, 341, 202, 118, 108, 108, 346, 325]
4816.999858856733
[[3, 1], [41, 2], [36, 10], [12, 5], [72, 4], [19, 6], [46, 3], [28, 10], [14, 1], [20, 15], [8, 1], [19, 15], [20, 7], [15, 14], [17, 12], [35, 7], [20, 14], [48, 6], [48, 10], [31, 8], [31, 7], [71, 3], [68, 1], [33, 6], [30, 15], [67, 8], [25, 10], [51, 7], [56, 12], [60, 12], [70, 11], [67, 10], [3, 4], [23, 14], [39, 6], [68, 11], [58, 13], [4, 10], [31, 6], [63, 2], [66, 12], [17, 8], [22, 5], [59, 2], [2, 15], [16, 2], [2, 10], [64, 11], [37, 6], [14, 12]]
27
[350, 125, 92, 227, 252, 54, 21, 180, 150, 32, 325, 207, 192, 91, 355, 232, 149, 359, 42, 75, 228, 357, 111, 58, 108, 282, 350, 182, 152, 365, 256, 236, 20, 250, 37, 186, 184, 139, 311, 319, 281, 376, 381, 80, 58, 65, 93, 281, 110, 280]
5570.999950758987
[[64, 13], [41, 2], [57, 4], [24, 9], [71, 1], [59, 11], [27, 3], [36, 13], [46, 1], [31, 11], [74, 4], [49, 5], [64, 2], [75, 10], [66, 6], [57, 15], [44, 15], [69, 7], [66, 6], [32, 1], [20, 6], [40, 13], [22, 14], [41, 15], [51, 10], [4, 14], [8, 15], [65, 5], [21, 2], [41, 11], [42, 8], [38, 5], [46, 12], [29, 13], [60, 6], [59, 7], [40, 11], [19, 6], [7, 9], [37, 14], [75, 8], [59, 6], [61, 5], [41, 14], [67, 11], [57, 11], [29, 14], [9, 3], [57, 6], [10, 12]]
29
[71, 161, 79, 134, 253, 11, 27, 371, 366, 12, 295, 140, 405, 226, 56, 309, 417, 361, 66, 245, 156, 107, 155, 20, 129, 271, 232, 355, 400, 211, 63, 148, 172, 399, 0, 348, 393, 363, 195, 319, 13, 222, 221, 15, 375, 250, 416, 385, 182, 88]
6088.999943984387
