[[38, 9], [90, 3], [55, 8], [76, 6], [29, 6], [25, 8], [28, 2], [15, 6], [97, 2], [42, 5], [88, 11], [99, 10], [42, 5], [50, 2], [41, 7], [74, 4], [85, 3], [70, 3], [30, 1], [20, 4]]
7
[8, 72, 9, 68, 22, 23, 90, 2, 80, 8, 44, 21, 9, 71, 32, 12, 78, 31, 74, 46]
25.99998300430721
[[98, 8], [105, 4], [79, 10], [65, 11], [80, 6], [98, 10], [94, 6], [65, 11], [60, 10], [101, 1], [103, 4], [14, 4], [55, 3], [10, 8], [82, 5], [87, 7], [46, 2], [7, 6], [46, 4], [27, 10]]
7
[71, 39, 57, 44, 17, 7, 45, 36, 59, 67, 60, 49, 48, 85, 86, 12, 19, 4, 72, 52]
24999.999999999964
[[98, 7], [48, 4], [66, 8], [68, 7], [86, 5], [70, 3], [18, 1], [88, 8], [88, 2], [42, 9], [20, 1], [40, 9], [35, 6], [58, 1], [29, 6], [90, 11], [58, 9], [1, 10], [70, 4], [91, 9]]
7
[1, 31, 79, 54, 88, 87, 47, 68, 8, 2, 66, 29, 74, 47, 23, 35, 23, 44, 19, 41]
15015.99903333333
[[37, 5], [89, 6], [50, 6], [103, 7], [2, 10], [105, 6], [27, 6], [93, 8], [55, 7], [59, 1], [14, 2], [77, 8], [15, 10], [23, 9], [76, 2], [52, 7], [59, 8], [9, 6], [47, 3], [99, 2]]
7
[63, 88, 85, 83, 83, 80, 32, 9, 80, 90, 18, 88, 24, 56, 36, 87, 71, 76, 69, 16]
14014.99667
[[4, 10], [7, 2], [20, 10], [12, 2], [80, 7], [61, 9], [84, 6], [1, 5], [44, 5], [31, 5], [70, 7], [30, 1], [70, 5], [88, 6], [51, 4], [60, 6], [33, 6], [5, 10], [43, 9], [49, 5]]
7
[71, 27, 31, 66, 36, 8, 46, 39, 55, 30, 74, 48, 60, 17, 9, 24, 72, 25, 9, 46]
15087.999080229034
[[93, 10], [98, 7], [28, 1], [35, 2], [82, 7], [42, 4], [9, 3], [59, 5], [2, 8], [97, 1], [74, 4], [63, 6], [24, 5], [72, 6], [35, 7], [58, 10], [68, 5], [82, 3], [102, 10], [29, 10]]
7
[10, 67, 24, 8, 26, 69, 1, 8, 36, 69, 75, 72, 44, 77, 43, 47, 3, 48, 27, 89]
9005.993999999992
[[41, 2], [75, 9], [50, 5], [104, 3], [81, 9], [21, 7], [30, 4], [58, 5], [37, 10], [33, 10], [73, 3], [23, 8], [74, 4], [53, 10], [97, 8], [58, 10], [58, 9], [20, 11], [24, 5], [66, 4]]
7
[86, 19, 9, 63, 45, 20, 54, 59, 39, 54, 89, 4, 35, 28, 73, 36, 76, 42, 62, 83]
31032.000000000007
[[8, 3], [66, 4], [35, 6], [98, 9], [79, 1], [9, 10], [39, 9], [41, 5], [96, 2], [37, 9], [9, 4], [49, 7], [81, 8], [41, 10], [33, 9], [26, 6], [62, 6], [26, 5], [97, 7], [1, 8]]
7
[25, 48, 9, 54, 10, 36, 79, 47, 75, 6, 0, 59, 90, 33, 64, 15, 5, 89, 87, 6]
23063.999999999993
[[102, 2], [57, 2], [88, 8], [16, 10], [55, 2], [70, 3], [63, 2], [25, 3], [34, 8], [9, 2], [26, 11], [64, 4], [9, 8], [101, 6], [95, 1], [81, 2], [6, 3], [70, 1], [100, 4], [73, 4]]
7
[59, 44, 10, 62, 77, 12, 53, 17, 59, 21, 67, 62, 82, 89, 47, 51, 42, 1, 16, 65]
22.0
[[29, 4], [72, 6], [70, 3], [16, 4], [61, 4], [2, 8], [43, 10], [37, 2], [14, 3], [29, 3], [78, 8], [83, 1], [83, 9], [12, 6], [81, 11], [89, 1], [42, 5], [36, 3], [18, 4], [23, 10]]
7
[53, 48, 66, 25, 37, 63, 69, 62, 33, 51, 46, 71, 29, 85, 24, 86, 48, 77, 33, 60]
102.9999909789853
[[22, 8], [36, 5], [101, 10], [91, 4], [20, 10], [24, 5], [7, 2], [4, 10], [87, 10], [68, 11], [58, 2], [24, 3], [70, 10], [21, 8], [83, 11], [83, 9], [56, 10], [47, 7], [98, 11], [104, 6]]
7
[78, 17, 30, 85, 90, 81, 86, 51, 76, 44, 3, 44, 79, 37, 63, 9, 84, 51, 15, 10]
47006.0
[[79, 7], [73, 8], [75, 3], [66, 6], [56, 2], [12, 7], [52, 4], [50, 5], [8, 8], [99, 2], [82, 7], [80, 8], [96, 3], [86, 10], [97, 1], [24, 7], [7, 11], [98, 4], [80, 3], [103, 3]]
7
[3, 42, 54, 72, 8, 75, 56, 27, 61, 70, 60, 44, 85, 20, 57, 80, 1, 51, 32, 81]
4019.999200799995
[[92, 7], [1, 4], [27, 11], [67, 4], [81, 4], [50, 2], [65, 9], [55, 2], [79, 11], [28, 4], [48, 5], [65, 11], [18, 6], [66, 1], [85, 2], [103, 11], [71, 2], [16, 6], [83, 2], [21, 5]]
7
[89, 74, 33, 22, 75, 69, 49, 60, 38, 22, 30, 60, 41, 0, 4, 39, 39, 53, 84, 32]
4008.990303755389
[[104, 2], [90, 9], [94, 8], [31, 11], [49, 6], [98, 7], [101, 6], [98, 10], [52, 7], [18, 2], [58, 2], [98, 5], [20, 4], [12, 4], [2, 4], [47, 5], [99, 4], [70, 9], [52, 2], [4, 6]]
7
[8, 55, 69, 16, 25, 64, 49, 18, 16, 35, 0, 20, 1, 68, 23, 37, 63, 85, 29, 71]
8003.996250000002
[[5, 1], [99, 9], [34, 5], [2, 10], [19, 1], [69, 10], [40, 11], [13, 1], [30, 5], [57, 3], [19, 2], [72, 10], [74, 1], [15, 11], [22, 5], [53, 5], [73, 6], [30, 7], [62, 6], [33, 9]]
7
[47, 67, 42, 78, 71, 65, 9, 55, 22, 70, 29, 74, 36, 26, 85, 25, 35, 24, 28, 64]
13081.995720796733
[[75, 10], [1, 6], [69, 9], [44, 5], [54, 7], [13, 1], [77, 1], [105, 2], [93, 4], [11, 10], [73, 8], [87, 8], [100, 7], [53, 2], [5, 9], [71, 8], [100, 10], [94, 11], [87, 1], [33, 7]]
7
[57, 43, 47, 76, 31, 56, 40, 86, 76, 5, 41, 29, 45, 14, 39, 53, 20, 14, 64, 58]
21009.0
[[102, 7], [39, 5], [78, 8], [58, 11], [93, 11], [0, 11], [7, 9], [86, 9], [92, 7], [41, 3], [37, 1], [24, 4], [16, 9], [93, 7], [10, 9], [37, 11], [34, 6], [87, 11], [77, 9], [91, 6]]
7
[19, 78, 37, 20, 57, 38, 35, 12, 51, 68, 16, 42, 31, 6, 5, 2, 82, 43, 40, 30]
49014.999999999985
[[68, 7], [9, 6], [28, 2], [61, 10], [20, 2], [47, 1], [25, 11], [101, 6], [36, 6], [3, 5], [91, 10], [0, 2], [104, 7], [68, 4], [31, 10], [56, 7], [45, 6], [64, 11], [68, 8], [50, 3]]
7
[11, 34, 4, 62, 14, 32, 41, 2, 11, 67, 60, 84, 40, 6, 42, 56, 24, 24, 37, 62]
19018.997061814673
[[78, 7], [66, 8], [63, 8], [3, 4], [9, 9], [80, 11], [57, 8], [10, 6], [42, 10], [52, 3], [84, 5], [35, 5], [63, 4], [34, 11], [17, 6], [51, 1], [31, 1], [57, 10], [9, 5], [91, 8]]
7
[41, 64, 68, 5, 62, 52, 15, 51, 12, 80, 45, 31, 23, 27, 62, 36, 63, 82, 82, 68]
25029.997066666656
[[36, 6], [81, 2], [94, 1], [38, 8], [89, 5], [82, 8], [86, 11], [56, 3], [39, 1], [68, 3], [75, 3], [42, 7], [71, 8], [68, 10], [34, 6], [58, 2], [50, 3], [19, 10], [89, 1], [89, 11]]
7
[29, 19, 57, 10, 88, 9, 22, 65, 20, 33, 37, 28, 2, 65, 74, 50, 48, 18, 60, 6]
4016.0
[[72, 7], [72, 9], [82, 3], [77, 10], [28, 8], [35, 2], [31, 4], [23, 6], [58, 6], [52, 6], [2, 3], [68, 2], [38, 6], [76, 10], [58, 1], [38, 3], [13, 8], [98, 1], [40, 6], [28, 2]]
7
[16, 38, 69, 67, 32, 45, 57, 34, 13, 8, 7, 24, 64, 66, 75, 78, 27, 59, 21, 15]
57.999989999999904
[[86, 1], [32, 11], [3, 6], [96, 8], [20, 4], [43, 7], [20, 10], [99, 7], [17, 6], [84, 8], [36, 10], [94, 10], [35, 4], [41, 7], [92, 9], [57, 4], [97, 6], [98, 11], [65, 5], [23, 1]]
7
[25, 83, 78, 74, 34, 85, 26, 49, 53, 39, 54, 0, 61, 84, 7, 80, 24, 84, 30, 71]
30003.0
[[11, 3], [24, 3], [89, 4], [17, 11], [8, 4], [25, 8], [4, 10], [43, 1], [98, 1], [59, 4], [48, 6], [81, 3], [30, 4], [99, 3], [60, 1], [100, 11], [62, 10], [69, 2], [51, 1], [81, 9]]
7
[63, 62, 4, 54, 3, 42, 11, 26, 60, 35, 4, 82, 72, 38, 7, 56, 52, 14, 86, 79]
43.99999368421039
[[56, 2], [5, 4], [79, 5], [30, 4], [85, 9], [60, 7], [69, 7], [69, 6], [23, 11], [94, 9], [33, 11], [13, 4], [31, 8], [4, 7], [51, 1], [90, 9], [21, 2], [87, 3], [38, 4], [6, 8]]
7
[90, 23, 1, 70, 89, 68, 21, 33, 34, 7, 8, 39, 78, 70, 11, 77, 73, 66, 0, 71]
16030.999256264824
[[4, 3], [17, 2], [22, 5], [33, 3], [77, 4], [0, 5], [24, 1], [3, 6], [73, 9], [0, 10], [14, 9], [102, 8], [82, 2], [17, 8], [64, 8], [34, 4], [76, 2], [90, 3], [102, 10], [45, 3]]
7
[80, 38, 62, 86, 12, 37, 25, 16, 75, 76, 49, 24, 90, 33, 77, 60, 74, 65, 48, 20]
111.99998772727274
[[26, 11], [72, 4], [98, 4], [29, 7], [35, 10], [75, 2], [70, 1], [25, 2], [66, 8], [28, 2], [72, 11], [89, 6], [54, 3], [4, 6], [99, 11], [37, 3], [2, 10], [44, 2], [104, 8], [1, 10]]
7
[3, 88, 76, 27, 67, 59, 33, 0, 42, 31, 71, 90, 15, 46, 27, 43, 6, 86, 41, 77]
16030.999999181018
[[4, 10], [1, 10], [35, 3], [72, 2], [75, 8], [45, 5], [39, 6], [101, 7], [47, 7], [38, 11], [59, 2], [89, 5], [76, 8], [97, 11], [103, 8], [90, 11], [82, 5], [24, 6], [4, 5], [62, 6]]
7
[64, 44, 2, 61, 22, 8, 68, 78, 15, 5, 56, 80, 3, 50, 53, 18, 56, 67, 4, 54]
31015.9990431017
[[38, 1], [42, 6], [72, 6], [20, 3], [49, 6], [57, 8], [6, 5], [10, 11], [10, 10], [37, 10], [12, 7], [49, 11], [48, 8], [90, 2], [91, 3], [30, 7], [74, 11], [35, 4], [87, 10], [85, 9]]
7
[17, 64, 37, 45, 63, 86, 15, 64, 7, 42, 27, 55, 27, 20, 90, 9, 35, 75, 27, 13]
33032.00000000001
[[7, 11], [53, 7], [68, 2], [54, 1], [49, 9], [68, 8], [55, 5], [25, 7], [55, 1], [43, 8], [6, 4], [18, 3], [100, 3], [21, 2], [55, 4], [43, 9], [104, 2], [90, 10], [39, 5], [45, 5]]
7
[21, 69, 24, 89, 22, 16, 21, 36, 83, 28, 47, 20, 18, 32, 59, 82, 15, 58, 56, 13]
1093.9949660000543
[[12, 10], [69, 7], [103, 1], [96, 5], [24, 3], [91, 10], [82, 11], [87, 10], [92, 6], [14, 6], [20, 2], [2, 10], [14, 2], [82, 10], [73, 4], [47, 2], [88, 6], [94, 3], [60, 3], [90, 10]]
7
[20, 37, 33, 55, 6, 4, 89, 8, 81, 38, 44, 7, 21, 31, 7, 87, 80, 85, 89, 81]
16010.985533333347
[[38, 11], [66, 3], [84, 9], [19, 4], [50, 10], [77, 1], [11, 9], [88, 7], [43, 1], [9, 2], [35, 2], [98, 5], [11, 11], [24, 11], [49, 6], [78, 9], [73, 6], [94, 7], [80, 11], [7, 2]]
7
[62, 36, 2, 70, 59, 41, 67, 43, 48, 33, 32, 81, 38, 71, 18, 56, 39, 10, 7, 4]
22008.0
[[49, 9], [79, 2], [39, 5], [54, 2], [12, 11], [40, 9], [64, 10], [38, 5], [15, 5], [105, 3], [18, 10], [104, 10], [105, 9], [25, 5], [88, 7], [44, 4], [31, 6], [81, 1], [95, 8], [69, 9]]
7
[9, 11, 20, 55, 69, 77, 31, 49, 7, 9, 68, 78, 1, 9, 22, 7, 46, 81, 66, 65]
25000.0
[[36, 3], [80, 4], [94, 7], [65, 8], [34, 10], [17, 3], [96, 3], [40, 3], [28, 10], [61, 9], [42, 10], [7, 7], [39, 4], [23, 2], [7, 4], [86, 6], [95, 5], [22, 6], [52, 5], [55, 7]]
7
[23, 69, 18, 0, 8, 37, 89, 71, 76, 73, 40, 2, 21, 49, 71, 63, 86, 13, 3, 47]
11041.997499999989
[[19, 9], [49, 4], [27, 6], [77, 9], [59, 2], [101, 6], [78, 11], [58, 5], [0, 6], [36, 6], [79, 10], [86, 8], [2, 6], [88, 9], [50, 1], [35, 9], [56, 6], [98, 5], [51, 4], [3, 1]]
7
[0, 19, 45, 85, 53, 11, 81, 76, 76, 82, 18, 26, 2, 21, 62, 51, 85, 46, 87, 52]
18015.999999999996
[[36, 4], [88, 6], [23, 4], [14, 10], [28, 11], [86, 2], [55, 8], [87, 8], [83, 2], [49, 1], [57, 3], [31, 10], [17, 4], [19, 10], [43, 8], [74, 10], [84, 6], [40, 3], [87, 6], [37, 3]]
7
[36, 90, 85, 42, 55, 28, 45, 5, 12, 0, 87, 27, 32, 69, 26, 77, 19, 38, 75, 87]
14046.999895024768
[[54, 6], [58, 2], [34, 1], [43, 10], [14, 5], [25, 4], [3, 7], [21, 11], [24, 2], [55, 3], [57, 7], [84, 5], [65, 10], [61, 2], [80, 9], [92, 5], [66, 9], [85, 11], [36, 7], [73, 9]]
7
[6, 40, 7, 86, 51, 20, 34, 21, 19, 77, 12, 0, 65, 56, 60, 28, 39, 51, 77, 30]
20026.0
[[53, 3], [66, 1], [20, 1], [94, 6], [104, 2], [13, 2], [26, 6], [6, 10], [38, 10], [33, 10], [91, 4], [98, 6], [87, 11], [98, 11], [67, 11], [78, 10], [33, 3], [21, 4], [0, 9], [30, 4]]
7
[50, 6, 67, 34, 49, 74, 85, 29, 71, 17, 10, 13, 4, 56, 78, 5, 44, 22, 78, 42]
19012.999999999993
[[10, 11], [95, 6], [38, 9], [72, 10], [51, 5], [70, 6], [9, 11], [75, 4], [101, 9], [34, 1], [86, 5], [78, 1], [87, 5], [66, 10], [87, 11], [5, 4], [63, 6], [69, 10], [59, 5], [26, 5]]
7
[10, 90, 41, 41, 33, 50, 28, 53, 65, 2, 17, 31, 14, 4, 82, 18, 28, 20, 70, 37]
29003.999033333304
[[23, 7], [80, 9], [47, 1], [79, 9], [2, 10], [21, 6], [69, 10], [82, 1], [57, 11], [65, 4], [45, 6], [72, 11], [16, 3], [12, 1], [102, 5], [8, 11], [43, 1], [103, 6], [38, 11], [18, 10]]
7
[35, 64, 3, 56, 32, 42, 84, 71, 1, 41, 24, 73, 73, 60, 17, 90, 46, 64, 40, 19]
28030.0
[[57, 4], [91, 11], [23, 5], [101, 11], [67, 7], [84, 9], [29, 1], [84, 3], [7, 8], [45, 8], [49, 3], [85, 4], [68, 3], [52, 11], [48, 6], [29, 9], [29, 11], [48, 8], [39, 4], [48, 7]]
7
[70, 10, 67, 71, 9, 89, 14, 32, 0, 32, 9, 53, 31, 47, 11, 82, 87, 59, 54, 77]
28004.000000000007
[[91, 1], [4, 11], [30, 6], [15, 2], [63, 5], [54, 8], [50, 11], [38, 4], [7, 8], [70, 11], [95, 10], [100, 7], [49, 5], [2, 5], [85, 7], [94, 7], [23, 2], [22, 8], [16, 1], [52, 6]]
7
[52, 25, 0, 15, 11, 48, 8, 17, 72, 12, 36, 13, 66, 17, 5, 47, 52, 35, 76, 63]
20010.99673333333
[[74, 3], [39, 7], [51, 11], [28, 4], [36, 7], [103, 7], [69, 9], [45, 5], [77, 8], [4, 11], [15, 6], [34, 1], [100, 7], [1, 4], [63, 10], [103, 3], [53, 3], [1, 2], [9, 8], [14, 6]]
7
[37, 50, 16, 18, 45, 79, 73, 45, 47, 62, 74, 75, 51, 46, 32, 33, 9, 78, 34, 73]
17041.99999710215
[[84, 6], [27, 9], [17, 8], [46, 10], [63, 1], [30, 2], [56, 1], [48, 11], [2, 6], [40, 8], [26, 8], [74, 2], [90, 7], [27, 5], [25, 3], [57, 6], [4, 4], [40, 11], [101, 11], [0, 8]]
7
[61, 24, 68, 2, 77, 8, 71, 44, 32, 55, 71, 18, 13, 81, 5, 4, 43, 90, 22, 43]
22079.999994999962
[[90, 1], [68, 6], [97, 6], [20, 2], [50, 4], [10, 10], [64, 1], [24, 7], [82, 11], [39, 8], [16, 5], [13, 5], [60, 8], [8, 6], [87, 5], [21, 4], [50, 4], [105, 7], [35, 4], [101, 5]]
7
[8, 72, 50, 46, 90, 37, 6, 36, 34, 66, 35, 10, 53, 69, 40, 42, 16, 57, 69, 19]
4029.9990372000193
[[47, 6], [40, 8], [21, 6], [64, 2], [4, 7], [89, 8], [102, 1], [50, 4], [48, 10], [28, 7], [1, 5], [105, 6], [7, 9], [37, 3], [103, 4], [29, 2], [98, 10], [74, 7], [73, 6], [45, 1]]
7
[65, 54, 26, 79, 54, 81, 3, 65, 3, 74, 80, 0, 11, 44, 32, 50, 15, 71, 74, 49]
7023.9941307520185
[[96, 10], [11, 3], [90, 1], [72, 11], [28, 8], [32, 3], [37, 7], [48, 10], [16, 8], [76, 7], [2, 7], [104, 1], [2, 2], [2, 6], [4, 5], [89, 3], [47, 9], [21, 4], [35, 1], [73, 8]]
7
[84, 90, 0, 62, 88, 47, 66, 4, 49, 39, 38, 78, 71, 62, 68, 67, 72, 72, 60, 28]
9070.999998993553
[[14, 7], [105, 7], [52, 8], [98, 10], [2, 1], [17, 1], [89, 9], [16, 8], [0, 2], [98, 1], [47, 2], [49, 1], [10, 8], [1, 10], [77, 7], [2, 8], [68, 10], [97, 10], [40, 7], [71, 2]]
7
[61, 34, 6, 43, 42, 54, 34, 29, 18, 32, 67, 88, 3, 71, 83, 6, 20, 34, 18, 1]
14040.0
[[70, 4], [22, 10], [49, 10], [56, 5], [5, 5], [90, 10], [19, 3], [40, 5], [98, 2], [44, 7], [58, 6], [67, 3], [52, 10], [50, 8], [15, 7], [84, 10], [77, 8], [64, 1], [68, 6], [85, 2]]
7
[84, 58, 7, 13, 19, 85, 69, 35, 61, 52, 4, 22, 13, 20, 44, 59, 5, 28, 51, 44]
17022.999999999993
[[3, 9], [22, 4], [68, 10], [102, 4], [18, 4], [52, 10], [65, 7], [97, 10], [2, 9], [84, 5], [36, 10], [42, 6], [51, 9], [5, 5], [20, 7], [83, 9], [74, 6], [87, 5], [12, 1], [71, 5]]
7
[35, 16, 16, 36, 23, 88, 87, 29, 31, 84, 29, 0, 13, 86, 84, 68, 62, 51, 18, 17]
30020.0
[[65, 11], [52, 8], [58, 3], [39, 1], [100, 3], [37, 8], [79, 9], [64, 2], [21, 11], [76, 1], [83, 9], [1, 5], [43, 5], [80, 5], [61, 8], [100, 4], [79, 10], [86, 3], [15, 9], [66, 4]]
7
[51, 75, 77, 22, 36, 54, 82, 82, 71, 15, 16, 18, 28, 2, 61, 80, 77, 41, 30, 57]
14018.997157293572
[[36, 2], [5, 11], [76, 6], [30, 8], [61, 1], [62, 7], [40, 1], [54, 10], [38, 9], [22, 4], [36, 11], [55, 5], [9, 2], [72, 5], [102, 6], [23, 9], [56, 7], [7, 9], [95, 3], [36, 11]]
7
[68, 70, 30, 12, 28, 5, 36, 51, 64, 13, 78, 89, 88, 26, 86, 1, 43, 17, 66, 75]
22095.0
[[3, 8], [97, 6], [95, 5], [61, 3], [55, 4], [75, 1], [33, 4], [105, 8], [10, 1], [85, 5], [50, 7], [21, 11], [20, 8], [98, 6], [90, 1], [46, 3], [10, 11], [47, 3], [78, 11], [48, 11]]
7
[44, 1, 49, 15, 76, 14, 84, 33, 61, 15, 0, 90, 20, 13, 58, 42, 79, 60, 25, 59]
12007.99999999978
[[48, 1], [25, 1], [46, 2], [26, 1], [20, 3], [5, 1], [61, 8], [88, 5], [69, 11], [45, 10], [52, 2], [14, 10], [35, 9], [22, 4], [59, 7], [46, 9], [52, 11], [39, 10], [27, 2], [89, 9]]
7
[22, 13, 37, 30, 79, 70, 57, 15, 54, 40, 54, 64, 21, 88, 59, 17, 6, 90, 56, 68]
11077.994380625001
[[72, 7], [41, 6], [75, 8], [51, 8], [91, 3], [81, 8], [85, 11], [28, 1], [46, 5], [47, 6], [20, 8], [4, 9], [24, 8], [14, 10], [78, 8], [78, 4], [33, 1], [104, 8], [79, 1], [20, 3]]
7
[28, 37, 58, 27, 72, 51, 49, 11, 21, 48, 77, 0, 3, 53, 70, 86, 60, 63, 14, 48]
18015.99479826087
[[84, 6], [54, 11], [6, 1], [7, 5], [16, 3], [31, 8], [36, 3], [5, 11], [93, 6], [33, 5], [21, 9], [97, 11], [64, 10], [5, 9], [103, 3], [102, 8], [73, 8], [6, 10], [85, 10], [6, 10]]
7
[9, 82, 72, 60, 74, 11, 38, 81, 8, 84, 38, 0, 8, 38, 41, 9, 86, 80, 40, 65]
42018.0
[[47, 8], [85, 7], [45, 11], [105, 7], [71, 8], [65, 4], [10, 10], [63, 10], [60, 4], [86, 4], [98, 8], [30, 9], [43, 10], [40, 2], [72, 8], [19, 9], [40, 5], [66, 7], [55, 1], [62, 3]]
7
[51, 84, 16, 45, 31, 27, 63, 33, 18, 15, 3, 34, 44, 76, 89, 18, 63, 72, 54, 25]
30007.0
[[54, 10], [49, 4], [57, 8], [1, 5], [80, 2], [78, 7], [75, 6], [66, 8], [22, 5], [12, 11], [81, 8], [45, 10], [73, 10], [80, 3], [92, 8], [94, 6], [31, 7], [33, 3], [75, 9], [53, 5]]
7
[46, 4, 50, 2, 77, 13, 2, 54, 22, 63, 57, 71, 33, 47, 67, 36, 26, 22, 87, 5]
30021.999999999985
[[29, 3], [67, 1], [35, 6], [62, 10], [18, 9], [5, 11], [84, 2], [12, 11], [24, 2], [95, 6], [5, 3], [48, 6], [87, 1], [11, 2], [41, 8], [73, 7], [76, 2], [10, 7], [70, 4], [28, 10]]
7
[57, 7, 30, 34, 21, 87, 7, 83, 44, 36, 27, 71, 90, 82, 81, 17, 80, 58, 37, 4]
6166.9999975
[[88, 4], [42, 1], [6, 4], [48, 5], [95, 11], [25, 9], [90, 7], [1, 11], [60, 1], [99, 3], [60, 9], [22, 7], [24, 5], [21, 2], [99, 10], [15, 11], [46, 1], [39, 1], [73, 4], [73, 6]]
7
[45, 5, 5, 18, 37, 73, 73, 70, 53, 45, 71, 60, 83, 73, 35, 71, 6, 66, 37, 88]
7037.993573100016
[[89, 11], [26, 9], [1, 7], [58, 10], [54, 3], [97, 9], [77, 10], [3, 6], [89, 7], [7, 4], [72, 9], [84, 4], [73, 8], [43, 11], [37, 7], [8, 7], [50, 7], [7, 7], [79, 8], [81, 6]]
7
[35, 55, 67, 33, 9, 57, 60, 12, 72, 62, 41, 19, 71, 22, 65, 13, 13, 83, 68, 80]
45017.99999999981
[[51, 7], [61, 11], [50, 3], [30, 1], [92, 2], [21, 4], [41, 8], [69, 5], [31, 9], [90, 10], [51, 5], [89, 1], [48, 10], [62, 9], [14, 7], [65, 7], [40, 10], [54, 4], [53, 9], [45, 11]]
7
[53, 5, 33, 40, 49, 5, 38, 88, 26, 35, 71, 17, 3, 9, 74, 79, 46, 86, 40, 80]
28063.000000000313
[[40, 5], [29, 6], [33, 9], [90, 11], [38, 8], [63, 6], [5, 4], [63, 2], [33, 9], [60, 2], [88, 9], [33, 1], [103, 3], [28, 10], [102, 7], [8, 2], [1, 1], [81, 3], [88, 7], [100, 5]]
7
[61, 35, 70, 15, 78, 5, 35, 66, 50, 76, 73, 35, 6, 83, 86, 64, 35, 46, 40, 33]
5009.999995300548
[[83, 8], [59, 5], [20, 2], [7, 10], [85, 5], [51, 11], [48, 1], [75, 10], [98, 7], [63, 2], [38, 7], [49, 6], [15, 7], [20, 5], [37, 8], [61, 5], [53, 5], [43, 4], [32, 7], [52, 1]]
7
[27, 86, 77, 4, 37, 12, 34, 45, 52, 61, 21, 9, 82, 41, 59, 39, 85, 61, 65, 40]
11046.99348590941
[[91, 1], [23, 4], [31, 7], [51, 8], [53, 6], [99, 9], [97, 5], [98, 7], [25, 1], [53, 9], [60, 2], [97, 11], [7, 2], [10, 7], [41, 4], [100, 8], [29, 7], [74, 5], [82, 7], [2, 7]]
7
[4, 46, 55, 78, 77, 20, 48, 39, 50, 90, 37, 53, 38, 38, 68, 88, 80, 29, 22, 31]
12004.996264641974
[[93, 2], [78, 3], [42, 4], [20, 6], [87, 2], [18, 2], [52, 9], [95, 1], [62, 7], [70, 5], [100, 9], [29, 11], [69, 7], [40, 7], [81, 10], [10, 11], [72, 10], [28, 9], [70, 6], [9, 1]]
7
[85, 62, 90, 1, 78, 34, 50, 45, 49, 50, 35, 39, 90, 70, 33, 0, 47, 65, 55, 51]
17018.999995000006
[[89, 2], [49, 1], [46, 1], [27, 9], [88, 8], [105, 1], [76, 8], [41, 5], [96, 4], [25, 5], [1, 8], [64, 9], [57, 5], [42, 10], [57, 4], [88, 7], [10, 4], [49, 2], [104, 11], [59, 4]]
7
[48, 63, 85, 68, 48, 38, 42, 65, 80, 68, 50, 65, 50, 11, 69, 31, 14, 81, 10, 75]
3006.9970832165327
[[38, 7], [49, 2], [43, 4], [69, 8], [86, 1], [90, 7], [3, 5], [15, 3], [89, 6], [65, 9], [41, 5], [7, 8], [6, 6], [102, 3], [33, 6], [46, 4], [37, 5], [10, 11], [34, 9], [92, 6]]
7
[40, 16, 7, 13, 0, 70, 47, 54, 60, 35, 65, 11, 90, 72, 81, 54, 58, 20, 21, 86]
10085.999996672792
[[105, 2], [25, 10], [55, 4], [41, 2], [16, 4], [71, 2], [10, 5], [63, 7], [75, 4], [51, 5], [104, 5], [24, 4], [39, 10], [82, 6], [96, 4], [30, 11], [105, 10], [64, 11], [95, 11], [69, 2]]
7
[39, 60, 73, 23, 86, 26, 30, 27, 22, 64, 32, 37, 82, 33, 40, 21, 21, 90, 49, 8]
13999.99999820005
[[65, 1], [26, 9], [93, 1], [94, 2], [29, 11], [4, 10], [3, 1], [67, 1], [81, 3], [86, 11], [32, 11], [3, 2], [43, 5], [88, 5], [70, 6], [76, 4], [34, 3], [101, 6], [9, 8], [104, 1]]
7
[44, 21, 62, 81, 56, 4, 38, 3, 62, 14, 25, 71, 7, 25, 85, 82, 14, 52, 56, 35]
61.9999700630577
[[66, 5], [91, 2], [29, 3], [85, 7], [36, 11], [57, 8], [28, 11], [74, 1], [32, 8], [30, 8], [95, 8], [49, 7], [20, 10], [15, 1], [63, 10], [75, 8], [17, 9], [22, 10], [104, 6], [78, 5]]
7
[15, 9, 24, 87, 78, 31, 3, 33, 72, 61, 27, 35, 79, 32, 44, 72, 78, 81, 24, 86]
33007.00000000001
[[9, 2], [81, 3], [76, 5], [42, 8], [59, 6], [102, 2], [36, 2], [2, 6], [62, 8], [5, 1], [61, 7], [6, 6], [82, 9], [68, 4], [92, 10], [38, 9], [65, 10], [102, 9], [86, 3], [11, 5]]
7
[86, 23, 78, 10, 13, 89, 2, 44, 16, 82, 46, 60, 5, 17, 61, 49, 77, 22, 67, 39]
10005.993711632027
[[100, 11], [86, 11], [35, 7], [71, 11], [81, 8], [97, 11], [16, 10], [25, 8], [70, 5], [22, 9], [31, 1], [87, 4], [85, 5], [45, 2], [98, 1], [83, 2], [72, 6], [33, 2], [22, 3], [20, 7]]
7
[16, 29, 52, 50, 84, 63, 1, 88, 4, 17, 2, 19, 44, 60, 3, 34, 17, 9, 87, 73]
18999.995139516133
[[10, 8], [4, 10], [60, 5], [70, 6], [70, 1], [51, 3], [94, 7], [88, 4], [67, 4], [46, 8], [44, 3], [88, 8], [32, 11], [87, 1], [10, 9], [26, 7], [82, 7], [27, 4], [61, 3], [70, 2]]
7
[83, 25, 41, 15, 1, 9, 51, 73, 10, 70, 1, 41, 59, 27, 77, 24, 74, 40, 68, 20]
6064.999999999992
[[40, 9], [104, 3], [68, 5], [11, 11], [14, 2], [38, 6], [77, 3], [55, 1], [17, 4], [9, 11], [63, 10], [59, 4], [99, 11], [33, 5], [13, 9], [75, 3], [27, 4], [102, 7], [85, 7], [65, 7]]
7
[40, 66, 13, 67, 65, 39, 74, 26, 39, 66, 83, 68, 43, 75, 18, 30, 1, 28, 85, 1]
17006.0
[[80, 10], [104, 10], [2, 11], [100, 5], [73, 6], [25, 1], [19, 11], [11, 2], [60, 11], [96, 11], [15, 11], [27, 8], [15, 11], [3, 6], [51, 4], [103, 1], [30, 6], [60, 7], [15, 3], [95, 4]]
7
[42, 85, 86, 39, 75, 22, 74, 79, 78, 13, 64, 10, 80, 78, 57, 18, 65, 20, 77, 31]
34020.0
[[81, 3], [30, 6], [73, 6], [28, 9], [70, 8], [5, 9], [25, 10], [53, 8], [93, 11], [51, 9], [92, 6], [50, 10], [10, 8], [62, 11], [43, 2], [61, 3], [79, 3], [22, 7], [61, 3], [11, 7]]
7
[75, 14, 52, 38, 3, 31, 44, 50, 7, 37, 21, 60, 38, 27, 0, 48, 57, 73, 28, 33]
34029.99999999999
[[94, 9], [35, 5], [5, 6], [98, 8], [75, 11], [69, 8], [40, 9], [53, 1], [20, 1], [27, 9], [19, 8], [24, 3], [91, 2], [102, 11], [26, 5], [21, 11], [0, 9], [90, 11], [44, 9], [104, 11]]
7
[22, 57, 15, 79, 19, 86, 55, 27, 12, 78, 50, 80, 50, 86, 19, 74, 83, 77, 17, 32]
42010.0
[[15, 5], [73, 9], [32, 2], [93, 5], [31, 4], [91, 5], [27, 2], [1, 6], [63, 11], [25, 9], [5, 9], [97, 7], [1, 7], [94, 11], [71, 4], [53, 8], [4, 7], [26, 1], [27, 7], [55, 6]]
7
[83, 43, 84, 85, 32, 2, 21, 60, 76, 68, 4, 3, 33, 56, 57, 44, 39, 86, 54, 52]
20031.999999999553
[[57, 2], [25, 6], [30, 6], [77, 7], [96, 7], [78, 6], [3, 8], [91, 1], [14, 7], [81, 2], [78, 6], [101, 4], [5, 6], [88, 11], [33, 4], [41, 6], [104, 3], [65, 1], [22, 10], [85, 11]]
7
[39, 6, 15, 73, 26, 43, 6, 30, 10, 17, 66, 72, 46, 73, 15, 80, 79, 82, 1, 71]
9011.999997011135
[[61, 9], [17, 4], [77, 3], [0, 1], [14, 10], [18, 8], [96, 9], [83, 7], [91, 4], [32, 4], [61, 3], [42, 5], [91, 6], [3, 2], [18, 7], [31, 10], [66, 11], [23, 11], [77, 9], [59, 2]]
7
[37, 20, 48, 48, 46, 62, 86, 65, 83, 79, 57, 40, 83, 13, 37, 74, 44, 38, 22, 47]
20011.996659517004
[[89, 6], [91, 4], [46, 11], [85, 9], [82, 6], [75, 3], [26, 7], [84, 1], [68, 10], [48, 3], [76, 8], [30, 6], [24, 4], [70, 8], [63, 10], [76, 2], [46, 9], [7, 1], [50, 3], [101, 8]]
7
[68, 7, 87, 56, 68, 73, 56, 61, 44, 90, 0, 56, 25, 27, 50, 90, 69, 25, 38, 53]
14006.997066666676
[[14, 5], [44, 1], [100, 2], [88, 6], [105, 6], [82, 7], [102, 1], [69, 3], [63, 1], [99, 1], [50, 4], [20, 9], [85, 1], [41, 3], [50, 3], [14, 8], [44, 4], [90, 2], [26, 6], [61, 11]]
7
[59, 76, 51, 22, 43, 44, 6, 43, 56, 23, 20, 3, 86, 67, 61, 76, 28, 39, 17, 5]
2.0
[[1, 9], [42, 3], [78, 11], [12, 10], [71, 10], [19, 8], [64, 2], [37, 8], [53, 9], [67, 2], [0, 8], [37, 3], [49, 7], [61, 7], [86, 7], [95, 8], [83, 10], [50, 4], [13, 5], [11, 5]]
7
[88, 6, 23, 45, 12, 44, 30, 20, 77, 18, 56, 13, 71, 46, 54, 68, 10, 26, 90, 67]
31034.000000000004
[[82, 7], [96, 7], [6, 9], [31, 1], [54, 1], [73, 11], [70, 3], [54, 5], [53, 5], [93, 10], [98, 10], [1, 3], [12, 8], [17, 8], [15, 4], [76, 9], [41, 4], [6, 7], [86, 1], [47, 3]]
7
[5, 14, 18, 19, 79, 47, 38, 30, 10, 15, 53, 47, 9, 61, 56, 42, 88, 39, 26, 42]
11019.9990676
[[91, 1], [4, 5], [102, 7], [97, 6], [36, 9], [75, 5], [103, 10], [8, 2], [102, 2], [83, 1], [36, 3], [43, 7], [10, 11], [75, 2], [78, 7], [81, 5], [27, 6], [15, 6], [7, 11], [51, 5]]
7
[33, 88, 28, 84, 82, 10, 25, 83, 63, 39, 63, 80, 50, 83, 15, 87, 8, 55, 63, 2]
6049.993954423084
[[84, 11], [21, 1], [100, 8], [51, 7], [53, 7], [49, 7], [31, 11], [13, 9], [47, 6], [73, 8], [13, 2], [55, 10], [73, 9], [32, 4], [15, 2], [43, 2], [55, 6], [73, 9], [100, 8], [79, 1]]
7
[48, 76, 62, 23, 34, 3, 78, 15, 31, 89, 74, 35, 73, 29, 73, 57, 72, 6, 30, 70]
23005.99999478261
[[101, 11], [88, 11], [54, 1], [105, 7], [20, 10], [12, 11], [97, 2], [34, 11], [41, 10], [21, 10], [36, 8], [66, 1], [62, 10], [1, 7], [24, 1], [28, 1], [79, 8], [4, 11], [14, 10], [26, 3]]
7
[5, 38, 75, 47, 17, 46, 0, 37, 89, 1, 72, 6, 43, 8, 27, 0, 86, 64, 45, 33]
39033.000000000044
[[62, 10], [38, 9], [19, 10], [36, 10], [15, 11], [82, 3], [46, 6], [104, 2], [101, 10], [14, 7], [7, 1], [58, 6], [8, 7], [59, 6], [36, 7], [34, 6], [89, 9], [35, 5], [83, 1], [17, 6]]
7
[16, 76, 24, 2, 49, 5, 23, 15, 66, 66, 23, 60, 74, 73, 59, 79, 68, 71, 25, 58]
27054.00000000003
[[80, 1], [6, 1], [55, 2], [68, 5], [25, 3], [10, 6], [104, 8], [72, 1], [40, 9], [48, 2], [67, 1], [86, 3], [80, 7], [15, 3], [8, 3], [18, 10], [45, 1], [39, 9], [54, 2], [26, 2]]
7
[4, 88, 25, 20, 52, 63, 23, 11, 13, 54, 18, 88, 86, 16, 42, 67, 67, 55, 11, 6]
11.999982503293431
[[25, 11], [4, 4], [29, 4], [54, 5], [87, 10], [9, 9], [40, 4], [35, 1], [23, 6], [25, 7], [96, 6], [103, 3], [35, 2], [35, 3], [45, 4], [40, 9], [95, 6], [47, 1], [38, 4], [13, 8]]
7
[26, 88, 25, 67, 48, 54, 27, 48, 75, 28, 62, 53, 42, 33, 39, 10, 83, 68, 12, 76]
2119.995717442896
[[58, 3], [11, 6], [64, 5], [86, 5], [21, 7], [15, 5], [11, 3], [9, 7], [28, 10], [44, 9], [44, 6], [3, 7], [67, 10], [3, 1], [105, 5], [65, 3], [21, 4], [55, 8], [89, 4], [14, 1]]
7
[21, 58, 53, 1, 51, 37, 84, 64, 35, 6, 36, 86, 16, 51, 14, 75, 16, 38, 73, 37]
4134.999975976798
[[94, 2], [49, 1], [103, 4], [52, 7], [16, 9], [28, 9], [66, 9], [72, 8], [86, 10], [21, 3], [11, 7], [34, 2], [63, 11], [45, 7], [18, 6], [84, 2], [2, 9], [94, 11], [44, 9], [60, 6]]
7
[6, 47, 59, 59, 48, 18, 58, 40, 40, 63, 3, 76, 8, 89, 3, 73, 72, 58, 21, 52]
27015.999999999996
[[50, 1], [5, 10], [97, 2], [51, 4], [3, 1], [16, 1], [50, 11], [81, 9], [88, 10], [60, 8], [80, 7], [83, 10], [71, 7], [27, 2], [102, 1], [17, 10], [93, 7], [99, 5], [52, 8], [4, 1]]
7
[20, 11, 77, 32, 68, 38, 18, 75, 27, 88, 82, 33, 4, 64, 85, 65, 38, 56, 48, 25]
10008.999033333324
[[36, 9], [94, 3], [73, 4], [60, 2], [30, 7], [61, 2], [57, 1], [47, 7], [80, 4], [103, 5], [64, 2], [88, 8], [55, 8], [91, 10], [92, 9], [12, 10], [87, 6], [39, 2], [99, 3], [48, 5]]
7
[54, 70, 17, 55, 66, 74, 75, 86, 78, 12, 33, 22, 36, 45, 49, 56, 60, 31, 19, 17]
2000.9979960361222
[[82, 1], [27, 5], [21, 4], [29, 9], [100, 5], [43, 11], [48, 6], [20, 10], [38, 8], [87, 3], [57, 11], [66, 1], [61, 4], [45, 1], [95, 10], [33, 6], [44, 9], [103, 6], [20, 6], [43, 11]]
7
[55, 63, 63, 74, 48, 44, 12, 20, 65, 67, 37, 45, 85, 38, 58, 24, 34, 47, 28, 69]
22053.0
[[18, 11], [41, 4], [18, 3], [26, 4], [1, 9], [76, 10], [77, 8], [41, 2], [9, 8], [5, 9], [50, 4], [45, 3], [46, 6], [62, 7], [23, 5], [87, 2], [71, 7], [37, 4], [24, 7], [36, 6]]
7
[44, 12, 3, 29, 39, 71, 74, 85, 16, 13, 65, 88, 68, 0, 39, 47, 58, 17, 2, 24]
14142.0
[[77, 2], [89, 4], [4, 7], [60, 10], [11, 6], [66, 10], [9, 2], [87, 8], [13, 1], [99, 3], [53, 3], [81, 8], [50, 6], [46, 10], [105, 6], [16, 5], [9, 2], [92, 5], [75, 11], [12, 5]]
7
[65, 31, 77, 78, 58, 25, 86, 88, 45, 44, 44, 79, 1, 79, 0, 41, 12, 47, 75, 85]
9011.0
[[43, 2], [2, 1], [49, 3], [71, 3], [89, 11], [73, 10], [40, 3], [81, 8], [9, 11], [87, 8], [18, 4], [53, 6], [97, 11], [75, 4], [75, 7], [89, 8], [97, 8], [77, 5], [37, 8], [55, 4]]
7
[12, 62, 49, 51, 80, 62, 65, 22, 83, 71, 7, 5, 66, 11, 40, 76, 12, 87, 47, 54]
20002.994000000013
[[100, 3], [6, 6], [93, 3], [93, 1], [69, 11], [11, 1], [32, 11], [34, 1], [53, 9], [78, 5], [17, 10], [85, 8], [71, 5], [101, 9], [103, 3], [72, 11], [61, 11], [54, 11], [54, 9], [25, 11]]
7
[85, 80, 34, 58, 41, 30, 33, 11, 18, 88, 67, 61, 58, 34, 90, 54, 38, 48, 46, 36]
33999.999999999985
[[53, 9], [69, 10], [79, 2], [84, 2], [91, 11], [35, 3], [63, 6], [62, 3], [59, 10], [49, 7], [6, 1], [31, 3], [50, 8], [46, 7], [57, 10], [17, 5], [87, 8], [43, 4], [49, 7], [63, 4]]
7
[82, 63, 75, 2, 83, 83, 21, 74, 28, 78, 8, 62, 20, 0, 79, 87, 33, 71, 67, 52]
15033.986727272733
