[[48, 7], [10, 1], [38, 3], [140, 6], [83, 8], [76, 5], [85, 1], [88, 8], [154, 8], [207, 2], [193, 2], [33, 8], [132, 3], [71, 11], [162, 10], [67, 11], [150, 3], [92, 2], [193, 4], [206, 9]]
14
[4, 89, 81, 29, 120, 128, 21, 63, 56, 27, 190, 167, 19, 139, 42, 87, 189, 129, 43, 121]
0.0
[[112, 7], [86, 2], [87, 8], [136, 9], [13, 1], [174, 4], [206, 5], [180, 8], [44, 10], [46, 1], [69, 5], [16, 8], [168, 6], [84, 7], [94, 4], [128, 11], [2, 9], [179, 4], [57, 8], [178, 1]]
14
[148, 56, 39, 67, 184, 93, 145, 13, 166, 99, 168, 56, 169, 108, 67, 183, 108, 144, 82, 111]
9.0
[[84, 10], [125, 6], [108, 7], [86, 6], [24, 8], [168, 8], [82, 4], [166, 2], [114, 7], [57, 11], [99, 4], [123, 11], [65, 1], [130, 5], [50, 9], [26, 8], [101, 4], [78, 10], [18, 8], [196, 11]]
14
[167, 115, 98, 49, 133, 6, 38, 128, 74, 123, 9, 172, 50, 94, 8, 154, 144, 109, 63, 152]
0.0
[[14, 8], [103, 3], [12, 6], [83, 7], [187, 11], [3, 11], [117, 10], [74, 11], [26, 1], [169, 3], [141, 6], [84, 9], [30, 11], [45, 3], [14, 3], [180, 5], [178, 11], [106, 1], [131, 1], [40, 9]]
14
[35, 58, 109, 102, 69, 195, 72, 107, 119, 193, 149, 65, 38, 20, 25, 95, 11, 65, 144, 156]
46.99999999999995
[[146, 11], [94, 7], [123, 7], [92, 5], [119, 5], [201, 11], [80, 1], [131, 6], [121, 5], [174, 9], [110, 11], [159, 6], [165, 7], [205, 9], [142, 3], [162, 1], [49, 6], [26, 3], [68, 5], [60, 5]]
14
[77, 127, 192, 47, 93, 8, 71, 177, 42, 106, 171, 123, 77, 103, 49, 195, 58, 156, 70, 128]
0.0
[[52, 7], [39, 2], [59, 2], [4, 9], [44, 11], [173, 5], [178, 5], [107, 3], [135, 9], [75, 4], [88, 8], [183, 7], [110, 8], [54, 8], [14, 11], [146, 5], [196, 2], [117, 2], [198, 1], [142, 11]]
14
[73, 120, 180, 54, 21, 84, 142, 94, 161, 127, 165, 113, 101, 151, 58, 75, 186, 98, 25, 50]
11.0
[[55, 1], [192, 9], [121, 9], [24, 8], [69, 4], [102, 9], [167, 2], [0, 9], [132, 9], [147, 1], [31, 6], [160, 3], [153, 7], [81, 3], [154, 11], [84, 2], [202, 6], [59, 7], [27, 11], [41, 11]]
14
[13, 160, 72, 160, 30, 24, 70, 102, 32, 5, 193, 181, 4, 78, 76, 5, 194, 105, 86, 54]
12.0
[[36, 6], [138, 3], [122, 9], [174, 11], [7, 4], [33, 6], [70, 5], [173, 6], [83, 6], [86, 6], [145, 1], [191, 4], [47, 10], [111, 4], [79, 1], [60, 3], [31, 9], [33, 4], [42, 7], [63, 6]]
14
[45, 9, 41, 126, 176, 28, 17, 118, 130, 5, 109, 36, 121, 28, 38, 172, 115, 112, 169, 168]
7.105427357601002e-15
[[1, 4], [173, 6], [190, 2], [112, 9], [116, 8], [40, 10], [167, 4], [116, 3], [106, 5], [201, 7], [74, 10], [138, 2], [131, 3], [137, 5], [102, 4], [80, 2], [68, 6], [198, 6], [59, 7], [78, 5]]
14
[143, 33, 86, 159, 134, 13, 176, 87, 76, 167, 23, 49, 45, 153, 137, 159, 52, 195, 28, 6]
3.0
[[100, 4], [131, 10], [35, 3], [88, 7], [178, 8], [61, 4], [81, 9], [12, 6], [27, 11], [104, 5], [2, 1], [25, 4], [152, 3], [110, 1], [177, 11], [121, 4], [75, 6], [10, 2], [9, 10], [33, 3]]
14
[87, 189, 21, 43, 195, 9, 75, 45, 98, 164, 111, 148, 176, 92, 135, 87, 160, 50, 187, 193]
15.0
[[151, 10], [189, 1], [110, 9], [149, 1], [192, 4], [23, 9], [0, 8], [111, 6], [132, 11], [93, 9], [11, 2], [171, 10], [50, 10], [110, 3], [75, 2], [210, 11], [118, 8], [184, 9], [137, 4], [43, 5]]
14
[122, 138, 27, 121, 66, 61, 31, 119, 162, 88, 124, 35, 55, 157, 166, 173, 59, 59, 124, 21]
8.0
[[103, 1], [58, 7], [168, 10], [148, 1], [37, 7], [195, 7], [103, 6], [160, 9], [103, 1], [184, 9], [45, 4], [7, 1], [65, 5], [138, 4], [122, 9], [0, 11], [117, 10], [49, 4], [111, 2], [84, 8]]
14
[63, 3, 149, 66, 171, 56, 165, 75, 21, 182, 171, 14, 47, 130, 109, 15, 118, 122, 62, 7]
11.0
[[12, 8], [44, 7], [141, 10], [50, 9], [140, 9], [36, 6], [145, 1], [91, 3], [160, 3], [129, 10], [101, 2], [116, 2], [51, 3], [203, 8], [135, 7], [12, 11], [195, 5], [9, 7], [127, 1], [44, 6]]
14
[128, 25, 124, 3, 23, 194, 39, 184, 93, 76, 137, 101, 53, 93, 32, 48, 149, 29, 96, 191]
17.999999999999986
[[128, 8], [8, 5], [180, 8], [42, 9], [210, 4], [34, 11], [24, 8], [202, 3], [153, 4], [28, 2], [102, 8], [166, 3], [3, 4], [125, 4], [51, 3], [135, 10], [171, 9], [11, 6], [107, 1], [41, 4]]
14
[29, 77, 135, 56, 172, 35, 165, 85, 86, 149, 194, 7, 37, 29, 175, 164, 177, 148, 147, 37]
9.999987697482318
[[101, 6], [135, 9], [206, 11], [22, 7], [42, 4], [204, 8], [119, 7], [56, 3], [8, 7], [178, 5], [20, 3], [47, 11], [181, 10], [42, 9], [32, 11], [39, 7], [81, 6], [130, 7], [208, 8], [168, 8]]
14
[15, 194, 10, 103, 164, 176, 78, 23, 120, 63, 154, 3, 91, 117, 141, 76, 184, 166, 171, 107]
21.0
[[72, 5], [203, 3], [181, 4], [97, 11], [150, 7], [32, 9], [109, 11], [154, 8], [80, 1], [9, 5], [112, 8], [44, 2], [81, 7], [67, 2], [145, 1], [161, 10], [142, 7], [65, 10], [115, 6], [50, 11]]
14
[151, 194, 22, 90, 191, 187, 42, 80, 94, 178, 117, 150, 89, 167, 18, 67, 111, 80, 192, 100]
0.0
[[45, 4], [184, 1], [82, 9], [27, 10], [166, 10], [200, 11], [40, 2], [13, 4], [124, 10], [179, 4], [165, 6], [154, 8], [48, 4], [19, 11], [4, 2], [29, 8], [8, 5], [125, 11], [17, 2], [162, 3]]
14
[80, 99, 71, 124, 24, 168, 78, 100, 3, 98, 169, 25, 149, 57, 12, 159, 95, 47, 157, 74]
22.999996041368533
[[104, 3], [171, 3], [30, 3], [67, 11], [198, 8], [157, 8], [136, 6], [62, 9], [0, 11], [9, 4], [108, 5], [34, 9], [96, 7], [91, 5], [64, 10], [98, 6], [40, 2], [152, 6], [13, 5], [152, 2]]
14
[37, 104, 171, 116, 31, 72, 106, 129, 105, 49, 52, 0, 91, 79, 134, 141, 112, 108, 24, 189]
18.0
[[159, 2], [143, 4], [10, 1], [61, 3], [57, 7], [195, 3], [207, 5], [99, 4], [114, 11], [137, 11], [46, 5], [118, 2], [115, 7], [132, 3], [73, 2], [195, 4], [168, 6], [29, 9], [138, 11], [136, 2]]
14
[122, 63, 166, 148, 101, 120, 129, 33, 111, 178, 145, 120, 25, 42, 146, 189, 183, 61, 195, 174]
0.0
[[140, 5], [86, 1], [76, 1], [15, 5], [119, 8], [9, 4], [22, 10], [59, 9], [93, 10], [14, 7], [2, 2], [98, 11], [28, 2], [151, 4], [47, 10], [168, 8], [181, 8], [139, 5], [131, 4], [0, 9]]
14
[107, 81, 108, 52, 0, 84, 176, 169, 142, 20, 87, 177, 30, 33, 181, 68, 112, 175, 106, 56]
40.999999999999986
[[148, 8], [22, 11], [209, 1], [42, 11], [10, 4], [68, 8], [91, 7], [116, 6], [94, 3], [129, 8], [193, 5], [33, 2], [110, 5], [25, 9], [19, 9], [40, 9], [52, 5], [96, 7], [95, 1], [106, 4]]
14
[123, 178, 164, 59, 181, 69, 164, 124, 159, 176, 17, 147, 139, 103, 10, 131, 110, 35, 90, 75]
21.00000000000471
[[152, 4], [196, 9], [30, 2], [184, 8], [6, 11], [105, 6], [159, 7], [192, 1], [130, 7], [180, 1], [36, 10], [76, 7], [189, 2], [39, 11], [49, 2], [181, 11], [1, 1], [203, 4], [94, 8], [25, 9]]
14
[80, 95, 174, 99, 157, 96, 50, 78, 157, 113, 53, 156, 19, 122, 67, 160, 7, 115, 26, 145]
5.0
[[89, 8], [43, 10], [155, 7], [113, 10], [146, 9], [70, 10], [37, 6], [118, 2], [161, 2], [11, 1], [112, 8], [197, 3], [46, 5], [142, 8], [134, 1], [34, 5], [94, 11], [81, 5], [50, 8], [159, 1]]
14
[80, 56, 147, 69, 63, 10, 84, 183, 184, 182, 25, 187, 174, 162, 95, 34, 127, 169, 161, 21]
0.0
[[38, 9], [64, 1], [149, 7], [37, 1], [36, 10], [23, 7], [39, 5], [202, 7], [177, 5], [81, 2], [182, 10], [79, 10], [82, 4], [128, 7], [135, 9], [164, 7], [188, 4], [205, 1], [21, 8], [64, 9]]
14
[102, 77, 45, 41, 18, 46, 182, 62, 119, 158, 36, 85, 78, 152, 128, 94, 128, 26, 73, 151]
0.0
[[58, 8], [98, 9], [136, 9], [119, 4], [122, 10], [88, 4], [192, 11], [163, 4], [16, 8], [165, 2], [65, 8], [179, 8], [196, 6], [156, 5], [128, 7], [79, 5], [99, 10], [126, 5], [200, 3], [114, 10]]
14
[131, 101, 156, 31, 183, 32, 129, 126, 120, 41, 9, 108, 58, 73, 14, 180, 6, 65, 173, 37]
0.0
[[146, 7], [118, 9], [94, 5], [121, 4], [78, 3], [38, 9], [29, 3], [90, 8], [65, 5], [205, 11], [125, 2], [54, 8], [167, 11], [173, 1], [113, 10], [185, 6], [104, 7], [141, 2], [202, 7], [56, 1]]
14
[131, 98, 89, 153, 55, 39, 150, 38, 160, 130, 48, 115, 53, 78, 37, 153, 151, 79, 132, 63]
0.0
[[201, 6], [138, 11], [192, 2], [208, 1], [163, 2], [164, 7], [147, 2], [177, 2], [160, 6], [22, 1], [152, 1], [77, 9], [33, 6], [124, 3], [127, 4], [209, 11], [134, 5], [68, 7], [39, 9], [118, 2]]
14
[184, 184, 9, 72, 176, 107, 77, 164, 116, 69, 162, 46, 168, 78, 74, 149, 50, 54, 95, 70]
0.0
[[206, 11], [2, 10], [65, 7], [103, 1], [42, 7], [31, 3], [59, 1], [205, 1], [110, 2], [93, 9], [173, 1], [16, 5], [168, 7], [114, 2], [134, 6], [148, 2], [16, 8], [82, 9], [46, 7], [207, 4]]
14
[156, 37, 146, 69, 108, 121, 93, 162, 39, 189, 97, 111, 72, 46, 165, 123, 152, 177, 160, 14]
14.000000000000002
[[137, 2], [1, 4], [144, 7], [4, 2], [36, 7], [103, 11], [207, 6], [178, 9], [37, 9], [130, 10], [179, 1], [132, 5], [59, 8], [131, 10], [1, 11], [18, 11], [93, 6], [111, 11], [45, 1], [178, 10]]
14
[191, 60, 192, 114, 144, 108, 98, 165, 92, 144, 152, 179, 59, 124, 17, 40, 106, 153, 130, 123]
28.0
[[31, 10], [0, 2], [180, 7], [109, 10], [168, 3], [208, 8], [87, 10], [97, 5], [197, 4], [42, 4], [156, 1], [87, 10], [181, 5], [139, 10], [32, 9], [37, 4], [205, 3], [48, 8], [177, 2], [200, 5]]
14
[92, 69, 69, 95, 155, 172, 88, 97, 98, 134, 107, 132, 154, 83, 129, 41, 192, 31, 112, 27]
2.0
[[111, 5], [162, 8], [152, 3], [204, 6], [136, 11], [4, 7], [51, 6], [93, 2], [69, 2], [197, 4], [46, 3], [189, 10], [171, 3], [11, 9], [20, 8], [67, 7], [55, 4], [42, 8], [209, 11], [170, 6]]
14
[170, 26, 39, 93, 105, 121, 4, 147, 79, 48, 65, 138, 173, 125, 104, 79, 163, 54, 174, 183]
11.0
[[103, 2], [29, 3], [123, 11], [194, 6], [121, 8], [196, 9], [143, 5], [186, 2], [168, 3], [7, 8], [33, 7], [171, 2], [36, 2], [183, 8], [176, 8], [58, 5], [103, 1], [148, 1], [52, 11], [140, 2]]
14
[194, 180, 30, 148, 128, 30, 160, 17, 164, 127, 173, 93, 13, 77, 25, 92, 128, 171, 132, 34]
1.0
[[18, 7], [193, 5], [201, 5], [171, 10], [188, 4], [111, 10], [198, 1], [195, 5], [161, 11], [118, 10], [122, 3], [168, 3], [87, 10], [65, 6], [82, 5], [121, 4], [58, 5], [40, 10], [6, 11], [45, 5]]
14
[136, 74, 155, 67, 168, 34, 94, 154, 192, 93, 165, 145, 157, 71, 144, 44, 55, 103, 74, 180]
5.0
[[170, 11], [162, 1], [98, 11], [97, 2], [131, 1], [104, 5], [40, 8], [47, 8], [188, 1], [209, 1], [8, 10], [63, 7], [56, 9], [42, 10], [144, 7], [10, 8], [73, 1], [133, 9], [11, 7], [168, 7]]
14
[80, 121, 94, 106, 163, 146, 41, 148, 127, 114, 29, 135, 72, 0, 84, 121, 135, 114, 78, 150]
24.99999999999999
[[124, 11], [157, 11], [113, 8], [201, 4], [116, 6], [190, 2], [135, 1], [52, 6], [65, 11], [75, 5], [22, 2], [5, 11], [34, 8], [23, 3], [115, 7], [160, 6], [104, 7], [37, 1], [172, 4], [38, 5]]
14
[42, 50, 60, 78, 28, 80, 129, 139, 159, 97, 107, 187, 120, 192, 2, 7, 156, 113, 33, 108]
6.0
[[12, 5], [190, 6], [174, 9], [17, 10], [110, 4], [30, 4], [16, 10], [185, 1], [57, 9], [56, 5], [39, 9], [74, 6], [113, 1], [175, 1], [174, 7], [109, 6], [199, 1], [156, 6], [190, 3], [106, 3]]
14
[141, 63, 109, 62, 129, 16, 123, 45, 3, 140, 77, 183, 127, 75, 107, 28, 104, 40, 138, 108]
6.999999999999978
[[67, 5], [49, 5], [130, 5], [126, 7], [103, 7], [4, 8], [15, 4], [53, 1], [16, 4], [71, 2], [3, 6], [119, 11], [11, 1], [107, 10], [91, 5], [69, 2], [48, 7], [50, 9], [56, 1], [44, 3]]
14
[34, 181, 106, 109, 14, 177, 32, 86, 126, 165, 129, 101, 37, 33, 74, 171, 131, 96, 172, 0]
14.000000000000004
[[39, 5], [16, 2], [11, 2], [34, 7], [157, 10], [84, 9], [37, 1], [81, 1], [159, 4], [16, 8], [152, 10], [73, 8], [93, 1], [152, 11], [137, 9], [129, 8], [153, 9], [153, 10], [126, 5], [118, 1]]
14
[74, 72, 82, 35, 23, 137, 106, 20, 147, 95, 173, 14, 165, 24, 116, 92, 150, 129, 5, 127]
0.0
[[16, 11], [55, 2], [119, 6], [48, 4], [71, 10], [96, 1], [192, 5], [117, 5], [15, 10], [101, 10], [86, 7], [95, 2], [7, 4], [102, 8], [124, 10], [104, 9], [114, 1], [40, 6], [86, 4], [123, 3]]
14
[188, 45, 83, 155, 98, 118, 71, 83, 44, 25, 12, 187, 2, 190, 91, 172, 10, 147, 81, 136]
9.0
[[197, 10], [68, 5], [131, 5], [57, 10], [169, 6], [205, 4], [146, 4], [130, 10], [9, 7], [176, 11], [198, 5], [107, 6], [98, 11], [0, 11], [87, 4], [0, 8], [119, 11], [41, 4], [95, 9], [207, 3]]
14
[9, 140, 72, 80, 83, 70, 12, 113, 86, 120, 11, 158, 22, 105, 141, 195, 87, 186, 42, 78]
34.0
[[154, 5], [172, 6], [210, 7], [117, 7], [124, 11], [142, 7], [82, 4], [171, 4], [7, 8], [52, 1], [84, 2], [147, 2], [184, 2], [208, 6], [9, 9], [148, 1], [100, 3], [207, 11], [172, 10], [60, 5]]
14
[29, 20, 41, 34, 114, 190, 192, 28, 17, 31, 108, 164, 63, 59, 129, 160, 45, 33, 64, 176]
9.0
[[145, 6], [110, 6], [120, 8], [55, 3], [186, 9], [127, 2], [165, 10], [94, 7], [112, 3], [105, 10], [150, 10], [67, 3], [128, 11], [29, 1], [35, 3], [68, 9], [35, 1], [98, 2], [1, 3], [188, 2]]
14
[55, 61, 116, 78, 173, 108, 30, 149, 37, 171, 193, 86, 67, 161, 169, 99, 103, 51, 189, 6]
2.0
[[84, 1], [26, 5], [118, 11], [190, 3], [1, 9], [73, 2], [39, 8], [5, 4], [174, 3], [58, 11], [102, 5], [52, 2], [94, 6], [188, 2], [37, 11], [67, 1], [9, 10], [163, 5], [90, 10], [106, 4]]
14
[3, 174, 46, 193, 74, 180, 17, 100, 65, 58, 119, 143, 123, 75, 53, 155, 57, 7, 152, 9]
31.99999986204398
[[198, 10], [151, 6], [168, 7], [89, 7], [4, 8], [97, 8], [31, 1], [39, 6], [161, 9], [188, 8], [192, 11], [177, 7], [158, 3], [165, 6], [50, 9], [52, 6], [45, 2], [64, 8], [100, 9], [73, 1]]
14
[122, 53, 8, 1, 5, 114, 112, 169, 77, 70, 184, 69, 89, 38, 152, 71, 140, 15, 103, 172]
4.0
[[150, 1], [9, 7], [115, 1], [81, 7], [110, 8], [104, 11], [126, 2], [119, 4], [140, 2], [80, 6], [66, 4], [65, 1], [46, 1], [45, 10], [67, 7], [18, 5], [93, 10], [14, 5], [96, 5], [6, 2]]
14
[83, 122, 57, 136, 10, 138, 155, 48, 175, 178, 28, 149, 38, 183, 47, 133, 105, 117, 176, 160]
0.9990011989611538
[[163, 3], [175, 8], [201, 11], [153, 1], [192, 6], [85, 3], [191, 4], [80, 4], [26, 10], [161, 3], [92, 11], [0, 10], [203, 9], [84, 6], [143, 6], [176, 1], [173, 3], [65, 4], [147, 9], [174, 9]]
14
[78, 113, 43, 129, 157, 61, 141, 119, 147, 13, 174, 142, 149, 77, 153, 107, 180, 107, 95, 8]
10.0
[[161, 10], [164, 6], [3, 2], [65, 11], [135, 5], [61, 2], [107, 9], [207, 3], [97, 9], [5, 10], [14, 6], [117, 11], [172, 4], [165, 3], [86, 3], [177, 1], [47, 11], [108, 8], [139, 10], [87, 2]]
14
[28, 154, 27, 139, 77, 149, 58, 62, 61, 19, 24, 169, 151, 10, 81, 132, 77, 89, 195, 33]
9.0
[[64, 8], [163, 5], [85, 1], [32, 4], [72, 6], [86, 1], [70, 6], [63, 3], [183, 1], [52, 2], [201, 4], [138, 6], [95, 6], [39, 1], [116, 9], [2, 1], [95, 2], [28, 5], [126, 5], [19, 3]]
14
[110, 87, 59, 165, 33, 66, 24, 16, 184, 147, 79, 132, 159, 27, 88, 82, 55, 0, 56, 36]
0.0
[[158, 10], [187, 1], [34, 3], [197, 2], [35, 4], [112, 4], [199, 6], [26, 7], [98, 6], [135, 4], [14, 2], [73, 3], [191, 3], [113, 9], [22, 6], [87, 2], [75, 4], [202, 11], [69, 7], [110, 9]]
14
[95, 174, 160, 59, 171, 22, 174, 150, 161, 100, 43, 171, 142, 14, 30, 98, 174, 126, 135, 67]
0.0
[[176, 2], [18, 3], [33, 5], [115, 3], [29, 6], [79, 3], [186, 3], [120, 5], [120, 7], [118, 10], [137, 9], [82, 5], [84, 1], [84, 9], [162, 9], [16, 3], [190, 9], [140, 3], [99, 9], [42, 10]]
14
[146, 158, 77, 140, 100, 174, 103, 129, 52, 107, 169, 175, 91, 86, 66, 139, 173, 192, 34, 184]
0.0
[[195, 4], [94, 11], [57, 4], [76, 7], [22, 8], [144, 3], [60, 2], [55, 11], [28, 10], [33, 2], [150, 2], [98, 7], [76, 4], [107, 5], [195, 10], [167, 3], [142, 5], [111, 9], [112, 2], [195, 9]]
14
[93, 166, 47, 18, 142, 43, 77, 172, 163, 180, 123, 88, 159, 9, 106, 123, 152, 176, 25, 167]
0.0
[[1, 7], [31, 6], [125, 11], [26, 6], [22, 5], [184, 2], [98, 5], [118, 10], [50, 6], [101, 9], [5, 5], [11, 2], [149, 9], [109, 1], [206, 3], [203, 9], [49, 10], [192, 9], [50, 10], [176, 1]]
14
[171, 166, 111, 164, 195, 115, 151, 188, 146, 50, 165, 74, 182, 24, 46, 35, 177, 79, 120, 176]
6.000000000003553
[[39, 3], [0, 11], [50, 6], [186, 4], [208, 7], [209, 11], [188, 1], [1, 6], [128, 10], [38, 7], [0, 2], [88, 1], [179, 10], [45, 5], [186, 5], [191, 10], [182, 10], [84, 7], [57, 3], [132, 9]]
14
[5, 91, 71, 48, 164, 126, 102, 97, 59, 7, 23, 125, 193, 114, 29, 28, 96, 137, 20, 114]
26.0
[[177, 1], [112, 5], [98, 6], [62, 1], [128, 1], [149, 11], [129, 11], [103, 4], [76, 2], [74, 10], [97, 3], [162, 2], [32, 10], [117, 3], [6, 9], [108, 3], [81, 9], [29, 2], [59, 8], [141, 3]]
14
[77, 59, 115, 190, 80, 28, 190, 183, 65, 25, 165, 162, 16, 88, 121, 89, 104, 105, 121, 13]
3.0
[[163, 1], [118, 11], [88, 4], [13, 5], [190, 9], [129, 1], [180, 8], [94, 7], [180, 9], [192, 5], [40, 1], [134, 4], [66, 11], [135, 3], [59, 11], [128, 11], [95, 1], [68, 8], [30, 4], [93, 11]]
14
[58, 155, 147, 43, 62, 71, 54, 85, 111, 177, 184, 59, 8, 44, 56, 111, 20, 174, 141, 189]
0.0
[[75, 8], [171, 11], [135, 3], [151, 5], [66, 8], [116, 6], [132, 2], [69, 2], [24, 1], [97, 8], [21, 4], [113, 6], [194, 9], [49, 11], [68, 6], [60, 1], [137, 11], [16, 4], [85, 2], [127, 4]]
14
[61, 27, 10, 142, 40, 87, 189, 181, 140, 132, 97, 160, 77, 37, 45, 102, 19, 166, 55, 186]
0.0
[[24, 6], [16, 6], [125, 1], [194, 4], [61, 2], [7, 5], [162, 9], [11, 10], [207, 9], [35, 6], [14, 10], [204, 11], [196, 6], [128, 3], [188, 8], [170, 1], [166, 1], [68, 4], [155, 5], [93, 11]]
14
[23, 113, 154, 150, 151, 121, 150, 28, 55, 20, 163, 147, 130, 85, 38, 13, 59, 35, 30, 29]
29.0
[[134, 3], [58, 3], [134, 11], [54, 3], [95, 2], [155, 1], [81, 5], [70, 7], [73, 3], [207, 7], [128, 8], [75, 2], [124, 6], [105, 2], [113, 8], [3, 9], [145, 1], [194, 9], [111, 3], [153, 7]]
14
[132, 78, 176, 118, 124, 136, 80, 98, 81, 48, 119, 21, 167, 114, 122, 99, 1, 183, 109, 66]
6.0
[[11, 9], [38, 5], [92, 10], [109, 8], [168, 1], [158, 11], [117, 1], [141, 11], [191, 9], [130, 11], [122, 2], [3, 1], [154, 7], [112, 8], [171, 1], [33, 11], [69, 7], [100, 9], [73, 6], [118, 9]]
14
[170, 156, 134, 175, 195, 163, 115, 78, 167, 24, 37, 128, 116, 175, 133, 157, 133, 20, 102, 36]
0.0
[[194, 10], [46, 1], [161, 2], [117, 7], [120, 1], [189, 8], [94, 4], [206, 1], [7, 2], [134, 11], [63, 11], [34, 2], [101, 1], [187, 8], [156, 7], [145, 2], [68, 2], [171, 8], [29, 8], [24, 3]]
14
[131, 102, 142, 40, 92, 96, 104, 166, 183, 69, 185, 109, 121, 36, 4, 83, 43, 138, 159, 42]
0.0
[[184, 6], [56, 2], [65, 1], [43, 1], [154, 6], [68, 8], [96, 1], [171, 10], [85, 9], [165, 1], [106, 8], [125, 10], [188, 4], [182, 4], [136, 1], [128, 10], [176, 11], [151, 6], [34, 11], [26, 1]]
14
[57, 142, 14, 51, 143, 115, 85, 191, 30, 175, 111, 137, 32, 91, 188, 139, 83, 134, 67, 125]
0.0
[[173, 5], [180, 1], [88, 1], [88, 10], [182, 8], [153, 1], [175, 2], [94, 11], [192, 6], [121, 9], [20, 3], [125, 1], [98, 8], [7, 10], [200, 3], [124, 4], [79, 3], [27, 3], [97, 9], [64, 7]]
14
[84, 163, 127, 25, 26, 87, 140, 69, 17, 7, 41, 192, 1, 166, 66, 137, 117, 119, 51, 152]
3.0
[[127, 4], [122, 3], [171, 1], [127, 5], [2, 1], [28, 4], [143, 11], [108, 10], [179, 2], [100, 5], [177, 5], [164, 9], [71, 1], [36, 3], [97, 3], [132, 9], [79, 10], [56, 2], [184, 10], [207, 2]]
14
[24, 22, 32, 100, 103, 82, 128, 36, 26, 113, 17, 102, 131, 142, 88, 95, 185, 56, 40, 173]
0.0
[[73, 3], [120, 11], [34, 10], [126, 4], [139, 11], [162, 4], [30, 9], [181, 4], [107, 2], [72, 11], [166, 8], [24, 1], [29, 11], [79, 2], [40, 9], [10, 3], [135, 4], [183, 7], [202, 11], [61, 11]]
14
[148, 164, 59, 175, 139, 48, 30, 191, 89, 66, 92, 72, 171, 184, 187, 54, 69, 30, 80, 18]
0.0
[[32, 1], [16, 7], [23, 4], [78, 1], [93, 4], [108, 5], [183, 4], [153, 10], [41, 11], [20, 7], [145, 3], [101, 7], [198, 2], [6, 9], [168, 8], [6, 2], [192, 8], [46, 9], [134, 3], [148, 6]]
14
[88, 164, 63, 181, 82, 36, 122, 127, 50, 150, 112, 81, 155, 34, 149, 35, 167, 121, 101, 84]
11.0
[[195, 8], [53, 1], [187, 1], [203, 4], [190, 9], [197, 7], [40, 10], [155, 5], [156, 1], [86, 3], [190, 3], [181, 8], [122, 8], [139, 8], [83, 1], [156, 3], [30, 8], [182, 6], [50, 4], [0, 5]]
14
[158, 64, 153, 67, 103, 91, 136, 82, 145, 78, 112, 100, 8, 76, 40, 144, 28, 63, 97, 160]
5.0
[[0, 8], [0, 4], [127, 5], [125, 3], [49, 11], [89, 1], [27, 3], [101, 4], [45, 3], [183, 4], [203, 8], [199, 7], [79, 5], [45, 1], [95, 2], [120, 10], [98, 11], [195, 4], [40, 5], [142, 6]]
14
[110, 6, 13, 112, 16, 27, 102, 161, 41, 75, 120, 75, 161, 80, 23, 23, 9, 61, 38, 168]
12.0
[[25, 10], [57, 5], [205, 10], [81, 8], [30, 9], [112, 5], [10, 3], [149, 3], [35, 7], [110, 8], [109, 7], [88, 11], [185, 11], [174, 11], [98, 11], [130, 1], [37, 11], [42, 1], [16, 11], [128, 5]]
14
[148, 123, 21, 64, 183, 86, 86, 80, 62, 68, 42, 14, 145, 125, 1, 178, 108, 121, 80, 152]
19.99999999999966
[[95, 6], [106, 9], [87, 3], [160, 9], [187, 8], [187, 2], [114, 2], [77, 2], [52, 3], [148, 6], [200, 7], [74, 8], [68, 8], [7, 9], [175, 10], [42, 9], [187, 9], [5, 11], [202, 9], [104, 11]]
14
[189, 132, 89, 93, 153, 82, 60, 124, 185, 14, 31, 120, 75, 192, 49, 142, 152, 13, 9, 136]
17.0
[[116, 10], [113, 9], [104, 10], [195, 11], [9, 9], [66, 2], [103, 7], [110, 5], [139, 2], [61, 10], [170, 2], [12, 4], [139, 10], [179, 3], [190, 5], [200, 4], [118, 8], [49, 10], [107, 1], [178, 11]]
14
[138, 51, 25, 70, 46, 156, 115, 29, 130, 124, 138, 80, 85, 131, 83, 187, 154, 7, 20, 129]
0.0
[[1, 8], [174, 11], [91, 3], [62, 1], [145, 9], [154, 5], [163, 8], [41, 7], [0, 2], [193, 4], [39, 8], [0, 3], [8, 10], [178, 3], [81, 1], [29, 4], [45, 11], [7, 4], [70, 9], [156, 9]]
14
[135, 142, 67, 65, 111, 166, 160, 120, 65, 14, 76, 108, 39, 8, 40, 33, 139, 170, 137, 36]
55.99999999999999
[[72, 8], [18, 11], [162, 7], [59, 4], [103, 2], [174, 11], [115, 7], [181, 9], [165, 11], [93, 7], [92, 3], [192, 8], [66, 1], [204, 3], [132, 7], [188, 8], [30, 4], [142, 9], [202, 8], [125, 8]]
14
[17, 191, 26, 19, 5, 121, 6, 34, 94, 67, 9, 101, 33, 186, 73, 151, 66, 176, 191, 63]
0.0
[[47, 11], [6, 1], [35, 5], [32, 2], [73, 3], [23, 8], [49, 1], [181, 3], [189, 4], [163, 2], [123, 9], [38, 2], [106, 1], [145, 3], [56, 2], [118, 9], [200, 2], [124, 6], [97, 1], [199, 8]]
14
[160, 80, 171, 75, 44, 7, 73, 69, 4, 163, 60, 185, 186, 160, 48, 87, 83, 182, 82, 153]
0.0
[[112, 9], [15, 7], [120, 4], [159, 8], [141, 2], [119, 1], [8, 6], [68, 1], [86, 5], [168, 2], [12, 4], [43, 8], [93, 4], [2, 4], [145, 2], [203, 6], [190, 6], [109, 4], [87, 8], [118, 7]]
14
[73, 138, 94, 160, 115, 115, 159, 50, 120, 62, 121, 59, 50, 152, 42, 174, 129, 12, 33, 153]
8.0
[[135, 10], [9, 11], [114, 5], [160, 5], [75, 7], [103, 10], [29, 6], [61, 6], [1, 7], [45, 8], [82, 11], [46, 6], [195, 11], [60, 9], [152, 4], [47, 7], [31, 2], [27, 2], [144, 3], [182, 1]]
14
[9, 117, 109, 60, 60, 147, 130, 25, 41, 121, 60, 185, 128, 147, 59, 38, 90, 107, 164, 26]
18.99995502993595
[[150, 4], [191, 5], [61, 5], [21, 11], [207, 8], [187, 9], [31, 2], [35, 1], [169, 8], [157, 7], [125, 9], [197, 11], [137, 11], [79, 3], [196, 7], [58, 3], [201, 4], [107, 2], [178, 11], [132, 4]]
14
[43, 122, 14, 192, 35, 75, 179, 83, 136, 125, 11, 24, 121, 181, 100, 92, 72, 24, 19, 119]
0.0
[[127, 10], [2, 4], [19, 11], [100, 7], [98, 4], [67, 10], [28, 4], [133, 9], [77, 5], [100, 11], [161, 3], [81, 9], [198, 1], [36, 6], [91, 10], [46, 5], [56, 2], [82, 6], [123, 2], [0, 10]]
14
[161, 192, 57, 96, 192, 126, 85, 62, 22, 48, 150, 115, 191, 0, 110, 183, 86, 132, 126, 11]
18.0
[[165, 10], [2, 10], [161, 3], [137, 2], [13, 9], [60, 11], [21, 5], [95, 8], [14, 10], [154, 3], [131, 4], [4, 4], [106, 7], [176, 5], [2, 7], [75, 2], [188, 1], [169, 3], [166, 3], [173, 10]]
14
[74, 2, 145, 162, 38, 105, 7, 101, 78, 22, 14, 127, 91, 5, 176, 30, 183, 2, 107, 89]
71.0
[[90, 7], [141, 10], [73, 5], [107, 11], [111, 4], [161, 1], [111, 6], [64, 6], [154, 7], [60, 3], [173, 8], [113, 2], [82, 11], [5, 3], [131, 3], [83, 10], [210, 9], [131, 1], [165, 9], [8, 11]]
14
[165, 161, 169, 160, 108, 104, 152, 24, 83, 148, 47, 6, 11, 80, 125, 144, 91, 100, 76, 143]
3.0
[[74, 8], [136, 9], [138, 7], [208, 5], [140, 11], [23, 3], [52, 6], [123, 3], [41, 10], [188, 11], [162, 1], [8, 1], [129, 7], [56, 7], [194, 11], [148, 11], [83, 2], [191, 3], [20, 8], [37, 7]]
14
[15, 1, 98, 79, 170, 186, 48, 152, 39, 141, 153, 193, 30, 89, 91, 167, 51, 43, 38, 119]
0.0
[[179, 9], [112, 1], [110, 11], [59, 4], [208, 4], [82, 6], [177, 11], [90, 1], [53, 11], [18, 6], [62, 11], [85, 5], [93, 4], [29, 4], [170, 3], [21, 8], [44, 8], [93, 2], [170, 5], [46, 1]]
14
[0, 92, 174, 137, 172, 76, 85, 121, 151, 177, 52, 54, 46, 32, 68, 163, 86, 1, 141, 20]
0.0
[[89, 8], [134, 9], [177, 9], [63, 9], [155, 9], [142, 1], [25, 5], [124, 4], [49, 10], [207, 11], [124, 5], [26, 9], [72, 8], [16, 8], [31, 3], [201, 6], [85, 7], [189, 4], [151, 9], [142, 2]]
14
[34, 184, 111, 14, 140, 121, 7, 176, 139, 169, 111, 62, 125, 42, 159, 74, 51, 72, 118, 179]
0.0
[[16, 7], [85, 11], [131, 11], [6, 3], [171, 8], [69, 1], [59, 1], [169, 4], [47, 9], [50, 2], [185, 7], [62, 4], [119, 9], [26, 2], [154, 7], [196, 11], [146, 11], [72, 9], [106, 5], [198, 9]]
14
[41, 120, 153, 110, 178, 64, 163, 95, 97, 184, 121, 110, 38, 188, 10, 11, 153, 86, 169, 76]
0.0
[[141, 4], [52, 5], [197, 5], [89, 11], [119, 1], [158, 3], [58, 9], [1, 2], [99, 8], [101, 10], [203, 2], [130, 3], [113, 2], [88, 2], [112, 9], [150, 6], [161, 5], [178, 3], [129, 7], [178, 3]]
14
[109, 131, 189, 83, 31, 112, 125, 17, 142, 111, 50, 0, 29, 127, 33, 125, 168, 41, 51, 30]
1.0
[[113, 9], [6, 7], [88, 6], [209, 6], [170, 3], [165, 5], [174, 5], [27, 7], [103, 4], [173, 4], [41, 5], [94, 3], [60, 10], [5, 5], [121, 2], [148, 4], [190, 3], [176, 11], [60, 10], [0, 7]]
14
[186, 123, 110, 69, 24, 23, 189, 71, 139, 58, 164, 80, 33, 90, 176, 155, 109, 151, 99, 183]
20.0
[[46, 5], [136, 2], [122, 4], [65, 11], [46, 8], [45, 9], [90, 1], [74, 8], [14, 11], [196, 2], [134, 10], [90, 7], [145, 7], [194, 9], [3, 4], [28, 10], [2, 3], [127, 2], [179, 7], [132, 10]]
14
[70, 143, 44, 138, 44, 83, 74, 80, 180, 15, 195, 91, 87, 88, 121, 34, 1, 97, 8, 80]
9.000000000000007
[[66, 4], [158, 11], [208, 8], [67, 11], [105, 10], [53, 7], [6, 11], [183, 5], [178, 5], [0, 10], [124, 2], [93, 6], [112, 8], [67, 9], [108, 8], [119, 5], [77, 8], [23, 9], [116, 2], [160, 7]]
14
[151, 81, 108, 181, 158, 27, 103, 37, 5, 161, 52, 136, 23, 195, 85, 190, 64, 115, 120, 36]
26.0
[[196, 5], [93, 2], [147, 8], [158, 2], [123, 4], [60, 8], [159, 11], [47, 1], [34, 1], [96, 4], [72, 10], [151, 4], [2, 6], [147, 2], [64, 5], [127, 10], [39, 7], [90, 7], [75, 5], [155, 6]]
14
[56, 60, 161, 6, 13, 102, 19, 124, 20, 109, 17, 73, 187, 38, 84, 30, 194, 93, 139, 129]
4.0
[[144, 4], [21, 2], [168, 2], [154, 9], [38, 2], [185, 8], [155, 11], [157, 4], [30, 7], [49, 8], [205, 9], [188, 6], [41, 11], [172, 5], [141, 4], [55, 5], [92, 1], [102, 6], [182, 2], [20, 1]]
14
[127, 117, 36, 10, 27, 49, 38, 107, 48, 183, 81, 93, 50, 50, 9, 56, 136, 188, 53, 170]
0.0
[[166, 9], [142, 5], [181, 3], [11, 6], [35, 8], [121, 7], [164, 2], [65, 3], [137, 8], [78, 11], [173, 9], [51, 4], [135, 4], [164, 7], [206, 2], [41, 10], [168, 4], [178, 7], [96, 6], [111, 7]]
14
[111, 179, 4, 142, 166, 131, 140, 23, 160, 18, 33, 24, 102, 167, 134, 76, 1, 120, 70, 55]
0.0
[[120, 2], [143, 2], [185, 5], [115, 4], [42, 8], [98, 3], [49, 6], [50, 2], [21, 7], [191, 6], [189, 4], [192, 8], [51, 10], [104, 4], [118, 2], [154, 7], [85, 9], [102, 8], [65, 5], [9, 5]]
14
[155, 11, 31, 170, 151, 25, 70, 74, 19, 109, 183, 129, 30, 161, 170, 102, 75, 11, 152, 188]
0.0
[[130, 9], [108, 10], [190, 6], [149, 6], [143, 9], [57, 11], [89, 6], [51, 8], [116, 6], [29, 6], [65, 9], [41, 3], [196, 1], [148, 2], [198, 3], [125, 1], [162, 9], [57, 11], [202, 8], [77, 8]]
14
[54, 153, 167, 91, 92, 129, 155, 37, 86, 154, 135, 16, 189, 173, 64, 55, 3, 115, 148, 86]
0.0
[[141, 9], [175, 5], [155, 5], [168, 10], [44, 7], [113, 1], [146, 5], [7, 2], [195, 3], [165, 2], [188, 5], [182, 4], [67, 8], [117, 3], [110, 11], [38, 6], [164, 4], [177, 3], [66, 2], [31, 1]]
14
[138, 133, 116, 6, 183, 65, 133, 133, 114, 17, 152, 175, 120, 177, 3, 76, 68, 174, 51, 54]
0.0
[[86, 8], [41, 4], [33, 2], [44, 6], [159, 9], [74, 1], [203, 9], [181, 1], [127, 3], [54, 1], [95, 10], [23, 6], [69, 10], [161, 1], [17, 3], [192, 9], [135, 3], [11, 7], [208, 2], [145, 9]]
14
[13, 20, 66, 115, 81, 18, 152, 111, 52, 28, 132, 8, 184, 15, 15, 135, 97, 102, 158, 97]
0.0
[[172, 10], [68, 10], [45, 9], [48, 10], [31, 2], [199, 10], [39, 9], [101, 5], [202, 4], [98, 3], [179, 7], [21, 9], [70, 7], [61, 11], [19, 5], [97, 2], [207, 9], [6, 3], [19, 7], [78, 5]]
14
[43, 181, 118, 180, 79, 32, 151, 65, 177, 193, 182, 68, 74, 54, 185, 77, 194, 4, 70, 23]
26.00000000000001
[[93, 10], [151, 5], [154, 8], [109, 3], [29, 1], [74, 7], [18, 4], [184, 8], [23, 8], [71, 6], [117, 9], [146, 11], [45, 1], [173, 11], [143, 11], [61, 6], [63, 2], [132, 11], [66, 1], [139, 8]]
14
[96, 186, 70, 54, 39, 26, 65, 24, 157, 96, 133, 159, 77, 150, 14, 41, 180, 60, 1, 160]
0.0
[[129, 9], [39, 6], [40, 3], [165, 5], [158, 10], [59, 3], [7, 10], [96, 8], [1, 3], [41, 1], [94, 4], [15, 3], [133, 6], [203, 4], [24, 7], [21, 9], [194, 9], [19, 11], [46, 9], [4, 2]]
14
[88, 175, 149, 11, 157, 63, 34, 181, 180, 92, 140, 70, 140, 173, 117, 149, 82, 59, 0, 49]
75.99999999999989
[[96, 10], [159, 3], [166, 3], [132, 9], [35, 7], [109, 4], [194, 7], [147, 1], [95, 6], [43, 8], [162, 10], [5, 6], [209, 2], [82, 6], [189, 5], [76, 4], [162, 2], [75, 2], [2, 3], [86, 5]]
14
[6, 37, 188, 84, 37, 60, 185, 52, 55, 19, 107, 97, 124, 21, 90, 99, 94, 143, 104, 14]
2.0
[[205, 7], [129, 6], [145, 4], [159, 10], [108, 3], [3, 5], [99, 9], [181, 8], [155, 5], [120, 5], [130, 11], [46, 7], [28, 9], [112, 11], [51, 11], [93, 6], [95, 10], [137, 5], [62, 9], [0, 8]]
14
[119, 25, 102, 167, 124, 77, 108, 123, 39, 145, 181, 39, 47, 112, 9, 128, 90, 186, 151, 76]
10.0
[[90, 4], [3, 4], [184, 2], [186, 9], [6, 5], [51, 6], [134, 10], [89, 10], [149, 8], [99, 9], [160, 3], [8, 1], [0, 6], [91, 4], [12, 1], [156, 7], [15, 11], [207, 1], [39, 10], [111, 5]]
14
[12, 14, 22, 32, 134, 106, 193, 170, 92, 123, 152, 152, 89, 1, 195, 179, 68, 163, 149, 65]
29.0
